368,577,724,266,897
496,737,305,-21,311
516,983,711,956,732
53,548,539,254,197
167,498,349,718,27
490,28,212,546,959
35,122,605,362,308
186,318,10,581,717
285,58,-15,404,828
482,-67,-40,908,-76
310,142,569,539,814
99,386,981,905,867
-94,205,62,335,204
887,198,687,298,885
897,803,400,349,760
961,263,745,443,950
505,311,401,528,218
396,-71,59,534,882
77,833,177,201,943
812,489,862,694,896
414,694,774,316,292
686,-77,711,989,-19
-37,503,547,881,763
931,228,296,790,45
11,-69,659,605,945
225,-80,94,719,657
639,32,75,111,841
953,391,-78,784,444
729,392,658,797,301
173,234,542,965,845
641,137,722,713,28
15,-72,754,554,227
861,-36,560,67,502
556,4,-70,157,352
531,755,181,351,474
345,522,842,414,827
20,143,766,905,127
-48,297,851,404,821
513,-47,561,954,586
320,103,659,508,540
932,39,-57,306,235
571,-94,863,587,869
779,680,756,500,776
888,-79,25,311,752
78,857,166,642,392
-11,773,535,870,-55
587,562,-86,477,132
429,521,-19,905,92
127,296,745,633,666
239,542,385,820,873
278,-62,-90,-61,916
159,919,491,107,818
272,502,884,26,811
586,60,1,852,365
399,686,-84,267,268
115,-37,673,906,515
220,376,807,44,720
453,117,399,800,-19
730,79,801,881,473
457,994,853,214,111
114,512,529,782,797
345,753,342,832,-51
756,472,36,971,-99
616,273,562,587,690
877,875,563,802,355
443,457,600,883,897
306,314,830,589,51
-91,916,861,468,616
925,851,109,337,152
997,-32,904,64,553
876,991,579,729,442
-24,261,292,150,599
-28,858,120,610,744
704,990,102,146,612
140,-7,199,184,125
539,786,229,348,805
565,855,77,939,828
52,198,-4,342,194
428,828,995,764,325
674,872,-52,864,792
290,240,838,477,25
412,163,210,951,584
826,335,-18,523,315
561,-49,-93,455,367
181,172,109,436,272
484,414,258,671,-92
26,947,-11,608,346
811,576,-87,667,772
17,950,340,578,871
252,118,503,180,818
152,248,926,333,-56
228,214,226,450,96
443,613,146,543,599
-55,732,841,12,215
-39,311,816,295,74
707,119,626,873,397
147,879,987,232,524
-45,979,305,676,625
457,456,751,224,481
813,5,705,-82,679
522,630,665,577,615
43,371,815,789,93
163,735,630,796,173
-45,641,974,67,608
939,863,429,-30,894
404,386,238,133,90
588,-90,67,-42,-45
174,615,440,679,427
-37,113,425,769,367
660,847,537,208,853
51,391,274,143,490
971,-43,476,755,826
540,401,890,350,480
-65,-57,445,166,434
221,147,104,861,384
601,353,217,715,636
863,532,295,667,949
405,85,86,451,680
939,760,74,-88,445
94,702,851,479,882
989,580,529,711,802
-28,453,256,443,445
82,54,973,784,432
10,515,18,245,943
452,-75,-75,567,200
845,170,8,469,682
696,-38,148,974,178
489,215,697,-72,376
103,27,789,216,262
365,666,819,-30,53
-85,100,814,301,794
512,110,452,-89,570
316,386,695,149,707
54,438,442,948,971
252,997,631,812,6
522,442,68,510,817
849,696,668,249,546
330,77,440,744,-28
458,651,18,519,994
994,874,898,252,842
352,27,954,983,885
927,709,539,-47,452
21,390,313,941,744
568,233,101,609,21
49,330,559,385,417
692,972,680,699,365
144,95,657,151,661
487,752,822,366,150
579,156,380,-81,49
27,612,668,726,916
966,564,139,742,738
677,-26,361,128,618
602,352,343,106,515
601,797,-50,158,579
168,851,98,115,-91
44,362,374,725,635
-52,914,760,675,644
392,570,437,203,625
675,608,201,537,29
603,136,274,53,-91
790,957,911,760,666
190,448,917,107,844
718,-40,334,917,169
838,577,35,136,59
999,214,271,772,619
9,-3,527,464,112
853,-10,-51,927,617
798,616,204,928,-93
914,771,797,511,279
196,244,224,80,33
171,136,108,104,727
668,486,201,319,636
962,871,995,38,210
-45,277,-72,225,567
-65,716,539,767,25
715,113,474,726,260
110,250,896,800,68
809,62,588,775,960
750,154,258,345,135
433,173,40,448,638
759,-79,522,716,657
837,766,842,535,931
-86,518,-25,842,695
48,-56,568,446,687
323,438,966,91,55
812,610,-26,697,174
963,379,21,-54,989
-24,547,64,98,828
231,203,188,941,37
833,399,242,391,584
462,35,907,880,273
169,385,278,455,876
499,483,617,598,76
527,-94,729,64,546
512,579,-1,274,512
306,306,266,548,248
977,679,54,-18,881
212,459,718,-97,86
936,504,262,822,463
534,143,470,997,555
97,691,825,281,150
295,631,645,615,236
768,-11,187,354,776
129,140,199,614,534
428,-65,850,590,56
188,674,653,471,9
725,825,639,322,293
559,-19,990,158,985
234,735,592,867,713
377,733,116,912,24
939,907,121,336,708
362,430,82,118,658
929,225,811,691,-28
945,524,159,198,720
902,233,41,512,-50
150,47,816,-37,-40
248,726,307,524,-87
-26,-74,841,-13,19
-5,417,98,-99,570
248,196,469,609,738
303,693,430,540,3
334,391,372,256,900
67,648,279,999,112
347,28,722,-67,321
149,491,954,752,292
486,553,285,330,835
811,96,844,949,855
28,816,945,638,161
182,760,215,664,-81
970,12,-23,309,846
654,859,817,297,31
496,457,137,31,785
192,-53,244,920,883
924,113,976,979,840
631,208,773,223,942
-5,453,643,922,15
654,-26,116,-56,596
348,-7,418,579,364
712,235,15,896,573
47,236,459,669,662
-47,174,87,85,221
964,179,898,874,3
110,-9,17,352,133
213,518,742,902,306
332,81,339,274,936
550,261,422,949,-34
180,775,228,152,137
-7,-28,-99,218,264
938,270,685,700,814
79,862,381,694,510
863,878,121,-35,718
681,511,233,605,620
-80,167,850,-47,366
371,422,897,-3,-31
898,390,354,814,135
262,863,-92,78,851
481,869,44,-68,162
966,30,256,-45,368
-93,48,677,585,41
914,543,802,460,-1
374,664,253,465,582
926,44,683,577,747
-11,-17,660,647,38
-17,512,-65,563,511
330,39,-55,331,166
338,769,587,-89,570
123,89,386,674,422
628,47,153,918,83
615,770,123,890,903
944,106,374,869,518
701,663,-88,606,851
310,-34,182,227,493
822,38,572,475,787
-48,766,182,168,946
901,179,946,737,476
487,556,18,347,179
539,-23,421,474,649
20,489,436,268,566
758,901,714,338,199
483,163,435,734,277
105,593,343,548,410
150,179,586,335,84
220,754,112,776,839
452,765,-90,919,338
915,23,782,539,905
959,404,398,877,505
766,374,511,310,365
443,443,401,698,786
839,126,457,258,393
637,453,97,-10,521
248,282,768,285,264
175,512,585,-7,-35
991,791,330,124,261
230,-14,711,535,-32
130,371,406,157,299
-66,10,26,764,67
714,95,589,-55,93
781,-31,542,776,746
890,497,225,857,889
66,481,622,304,-69
344,743,897,624,788
279,487,341,523,-31
-48,397,763,425,-55
194,612,511,860,85
885,61,993,625,193
913,-53,978,938,249
348,409,335,157,502
909,738,649,-78,36
310,68,135,893,677
177,819,460,942,32
879,-9,147,619,338
530,324,578,481,488
419,458,735,520,743
867,99,250,42,412
616,-85,114,723,416
984,133,885,551,921
865,72,820,781,741
508,454,66,-56,495
275,-37,24,-4,449
688,-60,622,692,164
9,568,33,215,836
160,422,140,425,879
571,367,124,506,948
77,742,449,845,26
-29,701,-39,274,54
261,353,821,862,666
507,23,571,-73,917
-16,569,505,326,785
555,667,-13,670,580
635,778,997,509,848
74,148,987,139,997
856,426,93,670,960
922,-20,311,832,978
899,628,443,452,683
709,85,596,503,614
303,105,124,966,190
995,17,323,33,-71
858,971,444,263,917
-75,98,-84,840,279
883,720,328,314,731
509,908,235,281,256
77,118,897,792,-87
803,764,912,381,114
934,132,191,117,646
897,935,313,996,893
868,996,585,23,880
-33,561,203,319,700
34,634,739,171,8
822,188,687,401,104
-72,261,255,74,28
215,339,914,134,571
747,881,285,831,794
413,326,452,141,820
427,13,-21,587,186
92,778,291,38,173
188,103,592,9,461
69,909,601,934,552
793,128,376,483,223
498,757,176,148,-58
253,812,301,-8,331
680,925,751,309,780
878,-87,385,732,898
-37,-80,246,573,882
747,803,-80,612,533
936,636,716,813,713
752,411,815,-81,420
456,375,241,569,877
266,919,539,428,743
272,655,196,105,364
572,887,356,286,752
430,526,92,244,482
667,217,446,514,138
890,406,492,983,450
648,791,476,323,154
319,202,74,561,181
481,170,177,235,992
807,580,857,461,830
115,384,549,855,35
778,314,302,766,716
664,980,36,734,666
195,333,774,804,528
27,-46,950,570,689
166,626,37,381,57
525,124,363,773,815
140,267,809,324,961
615,96,179,589,-53
117,54,892,689,-94
154,244,908,990,958
233,920,88,675,895
749,751,727,746,351
917,401,900,468,581
987,936,139,37,320
143,12,806,857,473
706,611,441,766,23
796,139,668,668,607
-69,327,404,244,378
486,0,-10,-19,-18
682,21,54,899,203
163,576,831,213,54
186,376,65,645,87
332,813,646,990,-96
128,143,511,106,678
-81,632,930,129,306
584,937,-98,258,677
243,239,247,446,129
631,474,941,80,719
62,809,532,330,748
903,21,407,946,344
539,366,793,734,412
915,131,288,940,177
843,-3,380,377,526
616,531,595,-72,99
263,502,365,506,966
257,371,-6,247,557
317,388,217,962,189
-88,302,826,291,-3
264,-70,276,758,529
559,303,949,343,46
518,528,46,527,502
149,903,844,913,462
762,838,342,392,812
96,963,803,130,93
-36,917,59,772,146
125,327,323,381,73
710,262,756,306,859
708,560,386,884,21
375,785,250,49,902
763,718,668,730,666
956,316,149,967,-86
-22,341,502,631,63
851,248,306,585,776
-35,4,619,328,838
163,225,217,212,238
85,926,819,939,119
123,230,106,132,620
29,433,817,262,838
416,-40,746,787,919
273,376,611,136,178
904,211,288,818,373
-73,978,329,200,727
-50,488,355,483,805
977,519,545,157,252
10,749,259,321,211
-56,600,195,836,255
957,466,548,204,159
977,259,996,121,379
660,-15,250,57,653
924,768,339,803,282
674,266,40,797,123
615,548,300,132,114
201,957,945,777,638
359,306,59,268,886
938,305,-30,126,-6
-88,684,718,234,889
577,27,441,647,645
69,883,119,744,352
8,876,693,669,582
576,936,685,993,83
39,70,221,837,69
853,746,455,412,-56
375,269,587,34,-1
247,361,813,881,133
814,978,213,639,-50
786,741,-93,-16,691
739,408,665,396,366
260,925,348,268,659
838,546,272,995,808
286,246,179,394,76
285,609,618,46,-31
-69,-22,903,-1,-28
61,-70,941,604,185
491,488,762,-57,-87
477,967,-3,953,976
957,-52,-16,399,335
890,79,127,947,-70
681,751,273,208,121
940,193,709,931,929
650,409,397,9,808
519,917,873,513,863
771,83,902,907,112
338,162,431,378,539
279,464,826,209,236
-84,14,353,197,127
-89,148,925,963,488
838,39,141,207,870
862,749,511,840,965
791,635,234,708,202
297,202,93,85,622
229,932,793,796,506
550,112,867,585,192
482,457,729,402,175
-42,66,301,721,615
-34,587,46,95,685
851,935,144,-26,119
809,-70,907,-85,571
920,831,-33,190,595
318,697,-40,-85,285
234,376,321,981,454
497,435,-57,604,-81
405,973,-60,279,180
-76,224,636,640,565
388,550,43,-91,320
107,-48,998,636,852
652,791,-52,679,896
601,977,855,542,519
738,256,361,468,702
85,899,428,568,973
81,753,947,945,309
543,622,472,622,-54
-73,497,424,682,968
770,-92,853,852,798
72,615,127,52,499
312,328,827,-44,217
732,739,405,43,-64
889,591,357,448,172
617,599,824,363,589
-22,572,849,446,349
335,131,313,998,630
214,648,227,755,726
333,800,389,997,920
98,495,304,299,297
962,464,60,917,-82
544,-32,751,996,587
388,-8,368,647,378
210,687,-54,248,667
491,685,102,254,814
-32,42,117,820,806
164,433,741,7,234
98,635,758,684,66
677,496,19,351,622
900,986,701,596,-93
966,818,269,490,372
133,358,612,535,-75
-24,129,568,156,412
346,371,81,496,332
137,69,529,843,994
-86,636,563,167,128
267,273,309,-63,378
-16,63,-8,922,-20
845,202,770,211,211
86,421,898,667,393
567,592,518,797,61
799,689,91,235,697
899,7,59,521,283
158,90,-41,943,370
278,42,996,325,477
514,868,502,203,-67
-55,113,82,261,657
-71,494,280,471,550
330,934,222,-79,693
547,814,23,229,424
23,410,461,740,762
914,784,448,212,306
273,849,-11,761,707
170,887,547,881,77
699,985,144,521,522
373,878,785,-52,371
604,276,-2,363,337
605,250,161,99,899
412,148,935,886,51
843,12,640,252,614
733,724,43,846,368
370,336,191,107,138
373,503,309,495,166
-62,182,633,382,325
212,324,401,346,50
-85,709,560,186,851
444,-66,525,395,217
268,487,408,667,352
-70,229,850,960,834
933,45,599,750,542
907,57,555,911,411
297,-14,356,760,415
-88,-95,463,537,986
531,688,965,414,-48
997,899,771,720,731
387,656,753,237,271
774,513,997,961,791
984,-75,829,820,823
273,764,742,418,0
64,-24,288,870,925
247,618,154,427,733
549,709,731,175,302
-98,135,388,825,-28
-55,807,420,383,890
-38,367,699,956,819
850,197,678,-48,926
232,968,52,-69,470
858,64,240,44,978
512,508,972,49,-57
745,969,-89,45,225
296,936,83,110,794
216,919,565,981,127
322,424,872,270,457
407,591,943,264,105
868,182,713,649,524
-63,500,677,97,29
127,180,24,-30,852
-33,199,431,156,679
629,-27,334,972,474
292,933,876,680,260
53,43,533,714,3
520,443,904,421,333
943,891,939,542,775
72,88,247,604,610
75,900,634,601,571
662,315,553,798,161
433,907,751,455,92
272,-15,670,956,92
688,138,170,457,666
-85,596,79,577,0
808,729,-80,718,299
314,634,242,471,420
606,768,578,202,362
-68,447,570,886,291
723,281,503,947,-85
-8,4,723,373,50
464,302,7,547,809
756,213,736,855,567
606,123,820,74,686
604,223,548,336,712
375,338,807,722,879
768,513,610,112,929
669,338,104,828,661
673,387,878,918,747
723,899,778,920,214
773,985,949,581,90
396,211,808,858,644
-76,538,866,172,444
-17,495,722,994,600
-11,121,585,919,352
733,147,877,-3,60
795,93,276,552,-63
903,862,491,916,464
-41,749,212,234,-47
266,795,807,325,469
567,923,110,645,322
-14,122,522,523,931
281,828,381,638,-94
647,243,883,768,181
805,742,613,198,30
981,278,710,424,240
526,800,-79,575,-29
360,219,746,-45,288
428,5,340,895,781
338,440,805,-20,791
661,611,95,926,715
741,-63,473,419,916
989,538,-60,981,333
912,-34,58,80,805
350,624,727,959,823
-10,698,50,567,395
385,863,961,265,999
413,295,114,1,917
967,828,568,604,567
335,-36,919,98,155
288,768,575,784,807
420,-82,953,677,947
108,270,426,949,840
983,248,689,228,733
741,428,68,755,965
627,634,530,906,798
337,551,226,674,442
758,164,377,626,610
388,219,713,724,521
743,852,278,236,475
240,295,513,490,416
143,319,299,947,382
835,712,381,923,713
-8,90,644,215,215
886,64,-93,24,510
625,970,425,511,520
-61,975,873,902,-68
-92,891,821,575,872
805,451,64,-89,136
377,801,-64,-51,701
284,48,837,824,-96
400,831,22,916,559
762,196,-4,358,491
983,199,638,513,308
263,266,89,799,886
413,157,310,597,471
316,445,102,-99,233
582,168,37,557,158
9,437,416,484,148
760,760,323,677,91
-25,883,805,567,44
18,811,931,316,105
99,456,776,644,814
693,379,394,307,273
512,221,640,-82,270
967,856,264,81,-92
399,779,776,414,388
313,229,407,-86,146
792,642,698,516,600
120,-18,735,504,65
831,794,808,484,185
752,1,527,464,686
170,793,-27,669,878
721,685,-98,960,345
392,995,-74,470,952
725,195,690,-39,716
979,572,123,12,148
486,733,-56,964,324
932,555,76,-23,337
313,-23,381,899,524
354,267,54,261,225
336,316,688,260,74
370,369,323,590,964
-55,931,619,733,62
797,563,704,580,685
-18,818,44,472,176
933,105,750,955,635
698,164,-86,820,636
651,491,611,711,854
652,-59,935,52,612
462,881,727,873,530
508,955,147,193,441
352,963,506,685,126
122,700,788,-95,618
213,906,666,586,368
-9,-84,-92,283,229
175,-86,-33,977,137
72,108,916,491,169
268,907,-83,772,168
58,-87,145,965,608
95,218,89,273,586
199,672,-46,553,264
290,504,490,283,604
404,36,42,-20,932
446,568,179,811,763
806,296,344,621,392
94,151,313,333,144
519,763,998,53,375
732,708,861,702,57
-62,239,-37,634,392
674,511,250,706,573
684,277,183,159,492
658,151,141,365,707
543,-94,-16,469,610
422,51,114,223,635
501,-5,867,261,400
134,791,790,984,235
315,657,270,243,196
954,257,882,218,784
960,121,646,977,297
4,284,-64,855,145
376,-87,830,569,319
905,617,325,376,896
137,948,-65,237,613
370,753,638,480,305
700,692,958,240,559
107,512,119,498,162
511,349,713,191,850
-14,615,892,904,423
409,-44,918,697,322
365,522,688,66,62
914,384,797,676,687
68,715,372,647,674
931,767,528,-98,971
932,552,19,820,96
851,392,488,-66,532
30,618,497,315,639
804,926,921,754,-4
314,327,53,876,252
-67,707,309,641,985
186,502,106,160,696
782,924,832,889,146
154,419,965,62,680
-34,471,29,267,494
350,586,831,254,-81
547,223,333,396,867
72,245,120,703,611
834,30,935,694,519
-60,-54,655,885,624
440,0,617,819,467
575,262,804,253,33
326,825,365,714,902
206,733,173,597,774
-28,68,795,452,521
4,370,891,595,204
901,574,101,308,498
191,561,217,813,861
894,703,964,428,924
782,341,209,71,840
322,151,490,581,982
16,435,210,281,256
-78,235,-43,955,281
504,285,-25,56,-60
869,914,810,900,656
816,972,816,889,565
368,341,291,714,279
65,373,440,510,408
458,385,785,398,679
974,976,678,86,223
979,-12,105,34,380
585,253,209,622,394
698,922,-99,109,25
588,510,752,762,951
28,435,743,781,-66
46,699,566,185,602
208,918,592,-32,-39
237,560,376,816,274
705,340,402,785,821
-46,599,376,-49,147
951,766,288,774,605
416,332,928,214,384
740,937,962,587,312
567,475,44,992,302
-72,180,912,424,424
739,105,85,13,328
329,891,743,124,877
814,993,504,359,32
831,-93,925,997,367
29,454,697,172,313
104,368,168,498,461
-13,-3,806,28,569
281,115,811,591,598
202,44,196,937,-32
916,940,632,491,958
965,681,483,432,15
701,775,667,166,693
95,70,210,127,997
944,808,570,931,396
942,791,662,732,459
987,233,7,654,388
446,675,110,857,901
294,840,176,42,67
874,439,118,64,4
350,783,32,512,86
707,-74,510,-47,732
354,146,220,886,750
715,-47,444,372,88
613,441,251,321,900
-33,-32,690,468,394
200,259,881,181,528
954,576,945,737,576
358,552,179,985,32
911,799,237,205,45
144,-25,-16,-70,838
-50,30,692,139,927
648,87,786,102,-49
563,964,996,-73,863
531,63,452,337,130
242,423,568,684,522
953,554,816,274,569
321,40,71,465,331
667,567,-97,246,-80
590,624,278,787,141
753,273,617,-5,902
472,246,74,740,613
763,416,439,372,851
400,320,846,417,923
611,324,302,619,961
949,473,168,907,904
399,445,671,232,915
793,201,247,38,-86
-61,-70,374,180,337
42,702,591,118,69
223,952,953,411,458
508,-80,912,359,28
685,19,394,793,-75
939,-71,692,804,126
408,448,42,394,903
328,393,748,275,578
493,484,133,182,668
611,128,57,949,326
909,348,230,776,179
868,14,74,751,722
673,986,807,-62,280
704,300,273,144,81
653,112,600,62,124
932,266,24,382,348
751,410,301,461,794
142,302,888,-58,611
284,208,883,-56,791
424,285,360,468,490
650,402,708,331,792
320,-24,318,106,773
35,757,-90,432,768
350,162,670,-47,970
336,185,131,473,-51
499,230,974,-25,242
832,-61,38,333,132
434,778,-91,380,387
955,676,-43,657,91
581,925,-55,415,-47
-71,637,497,781,796
-30,905,78,208,485
163,730,774,270,789
381,152,835,394,715
411,354,221,704,912
449,373,42,460,934
813,-63,755,391,35
636,614,-63,295,722
395,401,172,865,937
304,806,-43,197,385
241,-60,292,199,603
-54,426,471,97,912
872,734,53,398,627
750,864,-11,579,286
594,71,694,166,943
464,729,480,279,268
172,160,480,281,168
133,532,206,455,360
404,362,885,128,489
719,-80,983,560,-39
898,285,235,79,701
424,39,461,614,533
557,49,624,982,145
-39,901,911,600,799
886,492,795,-32,477
371,166,173,624,122
355,279,853,168,364
17,745,256,375,950
695,9,365,961,474
191,360,927,608,570
968,94,638,310,308
-6,472,424,-46,-70
624,857,602,997,603
240,259,941,919,875
447,687,41,906,833
122,375,783,303,345
837,-7,577,148,73
869,290,605,231,238
586,527,211,80,842
117,721,897,694,614
199,-81,60,-83,509
734,-30,276,-33,271
612,244,988,884,12
17,858,-95,688,444
761,104,429,-63,321
412,709,28,942,884
253,-18,343,-16,30
5,911,-30,922,394
415,58,753,659,497
63,26,230,734,707
911,257,46,816,8
933,8,864,985,294
367,-25,151,553,22
-75,510,791,165,963
13,445,-96,325,147
196,824,303,-9,678
731,727,699,941,434
5,-97,151,700,324
371,724,935,511,988
-84,876,210,665,505
575,32,159,391,681
203,-84,625,202,37
117,644,173,315,666
494,544,480,630,54
40,436,253,65,722
489,954,930,558,329
108,931,773,982,158
46,272,600,369,9
869,103,-7,714,448
563,703,693,190,45
728,791,218,443,689
865,489,416,830,681
165,897,593,353,116
947,454,986,971,401
974,219,52,573,622
195,396,219,597,515
589,975,261,888,-60
4,793,645,683,408
185,745,110,257,710
-80,494,53,909,902
587,931,-62,808,-59
908,747,570,-93,665
443,571,876,225,31
338,989,-81,164,389
179,-34,483,409,11
851,340,342,687,805
663,899,705,-67,834
100,423,362,280,101
673,443,859,929,468
80,142,442,767,-20
-22,694,1,325,947
365,460,600,473,927
347,317,239,126,395
443,121,906,434,717
640,977,175,133,283
812,260,230,634,773
824,591,179,912,847
249,130,319,981,610
539,355,699,-37,335
347,230,748,696,579
373,637,814,474,646
930,160,572,66,170
703,412,661,596,449
255,506,-73,960,380
108,152,876,861,670
200,981,760,75,678
-45,992,144,207,847
312,115,113,423,-55
-39,405,107,-5,837
158,797,257,811,775
470,433,557,36,487
488,-28,174,958,149
422,689,439,-65,973
998,825,279,641,550
158,135,120,749,534
609,575,915,953,-50
897,49,180,991,622
229,455,-60,269,569
545,-35,776,584,709
-54,524,751,409,-61
170,223,156,367,444
322,677,185,622,973
125,605,488,802,150
509,659,948,920,198
997,162,6,898,126
631,913,603,88,496
708,577,-54,202,413
217,310,724,624,506
377,57,198,776,204
98,100,699,444,615
854,320,731,920,560
415,755,854,37,386
156,835,261,129,471
78,308,926,-94,678
257,-31,886,560,350
129,233,-38,211,27
63,450,553,677,-19
963,16,836,993,780
493,688,506,0,639
704,78,239,520,572
114,507,788,297,286
779,202,489,35,886
779,241,986,283,315
899,725,-48,489,487
49,319,376,409,744
309,394,781,864,-43
668,847,912,244,659
956,29,216,580,390
697,943,693,330,783
771,870,431,-8,449
644,152,579,538,702
587,917,801,27,735
723,507,343,623,813
847,104,698,354,685
35,358,439,273,910
953,184,723,604,329
-70,979,19,551,791
107,988,652,-78,471
975,488,-86,280,395
185,801,750,68,888
-24,453,451,783,38
-18,-47,619,-28,869
153,645,913,630,6
649,550,375,406,989
390,812,816,95,306
690,138,670,446,550
354,643,182,725,653
44,841,855,735,441
674,442,233,264,999
536,486,308,-83,330
716,100,187,118,133
-4,-51,333,588,269
-24,485,707,70,609
511,658,718,628,491
729,777,404,41,244
697,543,215,3,904
34,260,551,855,787
828,698,514,78,183
418,413,772,949,599
203,822,459,792,710
618,352,-58,-34,513
310,-6,462,784,457
420,63,-47,197,11
154,39,393,411,335
721,-60,-33,32,212
88,612,455,97,878
371,617,957,787,360
952,691,353,912,903
698,825,816,571,865
627,468,518,253,558
114,917,892,973,325
824,838,738,986,954
685,410,625,681,728
59,866,194,190,262
944,110,921,546,-54
823,850,660,870,402
984,505,898,37,721
567,332,680,655,87
396,121,644,6,147
781,635,472,23,991
413,-11,487,386,148
414,185,631,65,972
923,400,-66,747,439
-89,704,105,685,435
526,526,667,614,140
118,374,514,804,-59
897,426,414,638,517
557,-55,419,2,760
295,67,494,697,403
985,983,613,16,483
334,-31,190,280,926
378,188,559,-1,-15
953,79,314,482,860
878,449,839,210,2
876,60,982,228,966
766,279,967,202,698
379,855,230,854,230
394,833,891,966,608
114,550,939,917,699
783,718,108,714,-30
-58,-96,658,69,677
120,604,298,118,161
555,207,352,15,443
350,519,950,827,640
853,53,-69,478,634
599,111,891,304,5
110,652,139,504,191
600,248,76,345,460
114,215,618,-49,758
909,-41,342,73,702
353,905,577,438,692
-36,345,287,609,903
227,486,-35,981,419
285,783,490,446,82
-3,87,297,86,158
934,827,198,31,440
8,348,835,863,949
615,281,-76,665,553
711,516,38,298,319
842,503,202,398,525
920,320,584,513,204
-98,786,260,360,187
299,511,0,166,499
43,850,943,575,-77
429,188,752,112,312
-69,519,850,455,851
438,228,528,973,974
-87,464,145,804,559
411,936,26,-54,633
530,775,465,-79,922
876,768,57,814,669
516,617,719,847,637
734,934,776,-93,10
630,-89,791,699,73
957,322,565,371,538
731,110,607,684,459
713,549,332,243,240
-68,196,204,786,423
748,986,745,188,201
297,767,-71,938,942
809,540,403,330,-91
-3,85,731,134,432
604,39,557,849,110
654,-38,73,73,-66
19,484,947,878,45
99,399,665,121,200
797,779,913,346,476
246,-9,415,961,159
-2,456,581,155,938
765,455,394,-94,190
280,456,819,271,619
204,558,282,594,937
-32,933,883,155,124
92,210,764,651,392
890,864,515,783,926
415,843,-84,67,73
-86,984,256,8,742
678,201,-62,628,881
500,125,96,795,386
783,301,236,385,241
171,50,42,591,530
679,177,489,767,724
82,3,785,311,47
823,310,829,21,194
76,-63,-48,433,327
497,560,884,470,536
487,236,288,581,576
23,137,382,159,281
854,3,655,626,106
772,-67,977,167,479
786,481,939,677,210
175,93,423,271,28
455,-35,772,-17,897
128,657,405,-82,416
979,864,292,454,843
494,294,71,586,164
194,-88,956,38,798
269,286,924,538,521
606,90,890,237,-12
492,811,417,728,264
467,122,370,602,-13
593,223,685,914,576
-30,763,203,870,68
970,908,603,119,242
839,256,88,204,472
713,249,248,773,963
471,705,704,944,124
534,880,745,316,834
192,583,810,303,92
-98,82,903,83,842
485,580,757,870,150
772,463,-87,836,780
423,178,706,378,890
582,314,951,995,654
701,-10,965,133,608
313,-51,630,599,801
17,569,431,778,40
742,35,290,72,518
321,207,859,-21,801
849,951,671,855,558
58,848,713,966,385
547,890,278,677,829
-66,-69,795,482,744
780,263,-59,413,248
326,-44,487,207,40
241,469,330,619,485
485,210,973,80,833
259,124,532,759,523
558,298,101,426,244
504,596,325,873,672
882,356,941,140,392
483,297,185,891,690
613,30,154,445,202
711,274,-94,516,660
948,219,117,597,616
111,605,791,112,886
961,-41,-54,605,480
-27,668,-61,-26,92
585,788,673,647,537
720,845,61,413,348
319,214,211,913,623
-97,507,812,301,692
468,593,-58,429,-31
541,695,819,-99,328
86,-28,267,47,565
241,684,89,479,727
817,269,946,175,255
924,750,142,378,798
256,621,940,615,917
28,724,975,763,769
686,266,647,461,968
416,2,961,-71,-77
987,712,-49,396,525
673,884,828,288,692
484,863,452,805,745
980,772,36,280,751
449,111,999,774,217
547,956,795,294,234
490,131,12,613,294
61,491,880,434,612
593,782,780,760,-52
398,521,473,792,191
300,804,284,204,866
-93,514,908,762,675
932,965,578,169,211
936,980,648,506,82
-59,159,259,121,702
-5,260,677,364,533
888,842,945,699,59
619,846,754,463,224
622,6,569,780,-15
750,778,814,63,561
-47,28,373,790,624
774,611,199,975,75
420,2,8,443,822
-25,-94,259,566,867
674,616,301,724,551
992,83,479,269,217
628,807,588,668,201
-71,670,745,564,735
725,280,168,332,424
78,989,-41,-97,137
988,211,80,347,344
-68,-94,361,938,222
759,387,19,201,505
493,185,696,404,663
784,938,907,357,256
128,860,137,868,626
233,723,79,419,659
477,186,860,355,-62
126,89,740,-37,-51
600,384,300,34,701
742,165,969,668,812
454,744,930,66,237
256,537,711,151,110
213,304,606,172,38
70,815,980,474,640
366,462,388,621,-22
631,403,276,693,803
771,140,480,838,723
74,240,692,591,483
268,759,373,836,73
694,823,45,881,229
423,382,777,322,898
839,79,275,350,925
614,903,617,411,841
320,961,441,341,190
877,501,924,808,39
189,477,753,311,722
574,848,959,701,601
858,721,238,177,643
-46,292,479,869,107
953,395,968,27,496
662,163,447,18,789
619,665,443,338,157
399,813,917,336,171
756,281,389,62,331
868,564,180,-32,613
-39,29,851,750,615
107,88,64,-27,949
46,158,406,-31,930
-28,923,943,605,169
78,973,859,56,378
374,549,795,94,344
673,-24,672,701,641
973,528,897,780,-9
633,-65,159,-52,396
771,46,390,511,515
989,131,320,794,641
635,61,-4,980,227
335,405,869,56,135
471,463,51,113,663
543,3,271,402,134
383,397,420,581,-17
801,502,-79,-2,981
689,443,984,918,819
437,698,-17,864,644
838,158,41,423,68
859,952,426,633,86
680,729,689,33,-12
337,688,236,145,522
660,493,931,126,111
86,17,4,435,197
713,957,330,949,483
887,631,627,49,683
754,238,-29,-48,435
277,781,719,6,489
139,936,90,143,150
912,564,67,537,209
131,882,930,385,558
279,476,389,145,709
-14,417,805,72,188
518,315,984,-85,-66
161,364,726,118,712
860,175,46,344,396
911,146,166,22,301
32,238,444,-33,764
528,786,55,-39,810
880,882,162,736,536
404,-82,781,312,687
-46,690,729,115,897
428,252,225,-36,136
255,891,480,-13,243
-21,960,503,863,463
615,460,34,233,422
-17,-53,430,867,418
557,-55,879,505,13
451,892,791,706,225
451,-57,577,216,401
135,496,443,289,621
965,41,640,824,697
-43,424,515,508,124
969,170,549,235,650
55,853,-90,277,380
57,462,398,420,176
626,969,595,973,729
465,445,500,758,548
915,-41,338,602,699
499,790,815,-25,510
295,315,97,616,386
941,884,839,-90,829
877,821,307,445,386
974,945,932,629,361
938,228,916,100,228
-93,856,446,578,933
725,12,185,540,744
245,-99,733,215,918
577,431,984,578,802
404,282,-22,435,139
378,354,609,448,629
188,50,734,372,624
162,638,257,197,506
296,797,335,-47,-61
19,483,827,162,530
111,4,592,113,598
185,544,394,287,-83
100,242,191,11,746
522,534,933,45,327
654,916,855,437,141
456,571,-72,260,626
567,502,847,458,140
-76,467,431,703,495
914,479,681,934,459
653,796,868,-46,881
206,848,496,386,961
272,269,608,648,944
-80,337,14,552,219
768,337,573,677,232
500,795,798,519,456
490,298,298,-5,405
152,24,-15,242,584
214,939,601,167,753
619,6,150,122,796
134,-60,742,913,782
453,369,195,895,83
-4,870,876,624,255
462,-16,-27,707,234
826,149,661,48,367
504,249,351,576,144
-98,27,436,649,147
382,854,858,886,981
224,156,817,737,514
613,382,249,944,478
959,-51,929,287,470
833,42,736,-17,302
232,836,794,51,521
50,539,265,572,551
176,581,-68,279,904
652,278,347,923,709
588,497,936,981,863
449,924,-10,247,-12
351,748,716,531,263
918,634,985,199,171
822,-3,460,569,381
480,17,-12,916,277
500,481,689,50,282
-5,624,102,288,611
-36,655,838,832,536
5,178,914,793,-47
139,479,-30,535,848
738,791,467,201,867
948,603,962,609,831
-9,658,962,526,-52
746,623,502,802,741
133,523,501,266,294
640,421,71,122,-46
637,627,692,335,981
748,217,322,598,576
896,311,559,765,808
327,583,247,544,955
39,263,627,572,382
390,339,91,7,984
855,826,873,711,159
75,312,965,23,949
607,725,74,560,505
952,371,446,455,-38
466,413,675,521,658
778,564,298,-57,-10
77,149,815,259,819
722,983,332,114,448
81,93,590,264,369
28,333,240,66,82
685,333,328,713,943
937,212,-12,-66,48
770,-51,39,542,367
725,392,213,297,-86
463,903,178,392,140
830,758,226,758,157
704,339,184,271,436
222,289,934,616,330
918,69,347,553,639
812,242,996,867,35
105,405,775,899,38
439,592,899,682,971
548,38,267,530,776
730,381,492,377,559
899,-27,341,42,275
128,440,598,377,101
706,574,-54,618,259
924,410,7,784,659
748,672,534,449,522
118,617,736,555,8
154,-85,174,647,584
32,956,633,367,-80
112,299,121,476,694
23,537,178,-17,-70
381,371,321,903,599
321,-59,37,514,159
142,883,786,967,862
972,74,-85,640,452
767,452,474,864,874
803,6,615,-58,267
637,406,223,-49,266
-98,-22,859,480,997
311,52,712,120,733
711,91,157,355,185
464,564,645,-51,615
764,993,879,331,759
353,693,554,943,294
351,464,359,670,247
156,336,585,177,60
18,24,843,177,643
654,580,692,439,850
977,90,371,784,388
512,245,152,22,516
220,303,880,-41,348
58,708,43,613,108
114,460,172,967,564
235,394,719,571,990
305,893,388,103,-9
94,618,1,760,504
936,3,193,285,-2
180,287,917,597,-21
180,204,637,841,285
812,474,85,567,-6
18,593,-27,440,44
684,454,72,635,964
354,868,36,224,-6
567,991,984,336,760
647,344,713,150,833
549,298,154,960,50
960,593,498,449,-33
307,700,441,-65,870
311,583,501,547,812
750,493,100,723,215
738,181,785,553,103
424,784,704,251,584
104,361,782,-38,888
413,527,324,768,491
880,406,580,760,685
755,206,110,-19,969
506,-74,114,92,513
513,207,514,975,914
126,-77,646,137,-93
181,76,-84,176,86
-2,390,576,645,620
310,113,696,45,694
928,352,234,-67,281
185,544,708,685,-31
228,890,99,682,218
837,924,-26,-81,5
971,289,844,50,851
468,124,-61,43,263
835,599,654,998,-93
140,350,529,369,963
315,44,677,199,839
874,849,386,-5,62
-92,687,922,637,456
920,924,884,146,502
545,-95,368,161,486
285,118,425,204,311
405,464,-3,-82,500
264,5,159,457,602
957,564,276,80,297
524,424,507,102,284
819,138,518,506,832
74,45,-57,546,690
308,523,-99,917,752
-90,243,693,135,525
985,933,988,607,372
996,722,437,-23,339
386,177,261,-28,40
63,988,310,819,807
803,950,382,733,858
390,836,569,385,494
263,441,581,436,150
191,25,-27,-63,877
441,828,584,46,40
-67,547,290,-3,313
816,298,53,142,641
686,334,798,606,265
146,551,704,62,393
537,665,-19,441,88
-30,774,295,829,18
788,489,906,392,660
211,367,984,141,537
580,106,31,724,63
698,784,389,399,37
2,652,464,125,185
222,473,178,215,404
797,110,366,44,655
162,930,365,85,987
378,771,942,877,-15
68,-65,-58,-26,682
502,371,-87,447,-87
674,323,971,568,485
990,871,12,79,848
36,127,838,535,473
287,490,593,324,887
51,672,34,970,913
700,228,944,230,498
713,64,-35,256,61
635,103,785,-52,947
26,961,572,607,731
615,36,831,413,-13
393,874,362,598,289
133,292,50,543,896
88,264,804,37,301
533,932,680,363,721
388,86,15,170,6
380,5,-36,818,463
178,877,-23,613,279
713,398,259,509,646
665,533,769,736,891
505,463,644,835,25
828,748,230,816,593
435,867,-2,983,197
32,454,389,908,15
530,656,953,861,310
481,421,625,277,601
442,-20,264,584,56
639,316,837,806,-35
-19,212,59,-39,230
969,985,311,-99,-7
78,563,747,241,905
433,724,966,-92,419
580,600,86,324,270
131,475,659,910,871
971,69,561,616,204
-42,808,351,831,318
571,854,76,185,496
352,-24,801,906,900
-54,516,603,687,341
883,-2,163,-86,310
574,847,459,310,630
-1,118,900,524,212
-47,703,133,588,305
512,388,495,194,987
419,896,880,129,528
662,735,270,775,978
33,306,-41,794,-89
89,158,693,-39,413
809,130,103,221,942
693,461,798,906,880
826,278,181,349,13
764,994,314,115,594
109,51,810,210,80
876,142,58,-91,988
-43,227,-69,115,541
826,49,692,798,372
910,518,793,854,47
580,773,106,480,0
150,838,292,402,209
567,834,91,524,454
722,330,430,184,835
861,565,527,647,119
840,604,922,382,968
794,381,41,817,48
104,-48,113,160,805
991,870,604,147,761
-83,966,713,567,884
474,975,88,161,135
985,-33,608,820,45
491,327,470,406,149
699,989,238,636,865
278,231,603,268,-41
865,879,93,961,939
639,999,437,530,928
321,83,973,38,-95
130,726,309,563,298
298,105,95,288,99
207,498,717,121,453
795,139,835,547,129
597,131,325,11,281
-30,215,583,545,418
379,305,394,-67,-32
658,624,442,25,640
744,896,258,898,88
-28,473,97,446,900
191,868,8,598,233
-77,911,241,510,177
795,648,656,-43,687
-21,127,4,236,509
27,204,758,349,174
769,712,357,606,888
954,214,793,700,668
256,417,926,833,213
-58,-61,240,555,-18
703,654,398,54,890
434,208,302,569,720
647,156,896,352,804
167,619,866,234,624
131,944,649,400,902
338,7,100,491,289
384,939,358,37,397
156,309,629,98,24
872,551,923,733,559
918,924,19,123,106
861,916,-53,102,-56
739,324,326,809,-98
355,998,289,217,667
-30,608,578,242,143
487,639,790,382,318
559,-52,648,88,926
13,-76,710,661,451
942,-66,244,603,128
841,264,358,567,888
-32,858,18,922,136
383,9,647,619,735
562,202,536,286,832
-14,141,443,102,517
633,932,199,-34,429
512,-62,692,737,392
-3,598,622,207,212
837,693,794,985,54
274,-89,55,939,-65
861,932,115,944,745
806,168,47,309,356
515,916,994,604,584
332,429,259,975,279
244,788,524,541,436
-91,869,647,414,638
325,-47,598,660,-50
525,-14,920,696,897
705,303,956,172,136
823,408,469,161,847
117,126,725,148,364
591,653,735,143,569
278,968,106,-15,408
810,546,645,415,645
673,719,875,769,879
496,679,447,999,347
92,201,440,539,241
267,317,511,189,98
302,60,85,920,532
888,899,598,920,320
565,-87,625,800,74
379,327,735,942,-98
733,70,633,827,267
573,353,496,309,843
314,654,167,-65,587
14,660,-20,839,397
202,122,698,300,839
176,751,548,957,491
893,-24,588,772,170
761,-31,607,246,-16
645,329,348,326,-65
445,295,309,356,706
30,872,845,290,-87
-34,917,980,-51,488
273,127,544,197,99
687,959,-77,338,597
295,218,917,85,531
259,125,105,643,70
221,580,933,926,378
368,166,660,53,830
484,589,151,635,384
264,176,-98,839,990
-94,44,949,905,493
104,-57,279,288,526
162,731,51,522,-37
225,805,-72,736,563
595,928,264,936,623
434,238,547,504,453
595,290,221,457,918
675,231,-13,228,249
9,941,26,131,768
498,766,958,545,401
374,12,801,110,425
132,800,695,355,329
568,533,130,-45,-39
-30,188,91,861,760
428,165,355,786,669
885,-49,780,657,305
803,269,744,111,631
547,885,358,544,103
827,253,-90,691,738
944,410,9,42,642
248,161,918,664,943
466,688,941,423,426
431,941,322,746,274
949,392,769,256,921
671,234,-92,465,1
365,240,117,2,630
467,694,632,701,-68
87,705,-82,53,492
948,338,499,752,392
937,933,51,82,-66
968,171,781,192,-79
640,79,926,543,131
811,36,803,150,172
920,741,-40,791,418
576,925,215,523,587
983,566,48,454,715
561,846,649,996,351
-70,815,796,793,374
287,504,178,631,466
365,582,355,606,606
272,693,863,16,202
53,929,147,345,479
624,-9,389,503,684
708,112,883,860,886
153,393,893,-52,88
927,109,669,123,166
227,964,598,387,593
326,707,287,648,45
81,840,810,232,720
599,921,891,417,951
382,59,319,373,224
33,84,663,428,783
860,598,640,789,-61
213,300,595,586,272
839,398,897,791,980
827,-59,113,687,538
865,256,642,416,646
930,845,-77,849,977
206,997,794,23,584
130,-61,959,638,307
157,467,11,142,192
873,424,626,473,723
-93,655,435,11,97
153,150,276,59,693
84,295,184,126,610
470,-55,30,37,560
365,647,944,574,444
360,596,822,659,904
333,400,198,398,539
574,816,760,-99,472
730,-66,80,313,851
301,944,513,940,187
896,696,133,31,96
461,847,545,618,507
647,517,423,127,763
60,168,439,816,31
938,6,743,242,522
783,981,779,680,317
253,-30,998,2,934
237,712,585,316,969
651,755,-40,-35,-67
467,-3,808,-25,-13
894,-89,192,143,6
77,917,115,932,676
254,391,649,210,482
329,240,910,742,523
750,-61,823,554,375
113,838,536,320,591
821,604,806,241,793
502,851,226,118,883
629,399,680,938,673
-94,475,580,898,913
136,-88,909,579,982
629,31,573,177,565
354,575,789,996,-4
991,396,230,969,276
808,805,569,937,585
237,496,447,517,-67
508,272,779,381,590
-25,857,751,848,326
726,100,652,34,-30
354,203,205,781,134
917,528,510,310,43
-4,697,854,853,728
18,487,194,56,953
985,641,275,838,793
699,443,13,362,648
954,375,299,520,623
278,969,527,329,715
1,871,564,328,654
569,317,349,50,44
434,453,78,950,792
179,40,382,764,-23
891,139,975,797,485
328,881,749,963,71
-91,440,84,445,776
166,344,405,512,445
-79,376,-55,54,971
716,248,907,720,916
250,852,921,63,-27
730,-80,990,945,508
210,773,465,971,655
329,505,795,993,90
-6,-73,896,323,504
412,906,784,936,252
687,925,575,837,421
335,49,807,84,477
928,967,379,510,842
928,63,439,828,54
575,916,467,803,138
64,664,630,622,438
241,-76,644,334,610
679,654,325,-39,659
660,917,-85,919,589
271,43,216,-92,143
128,922,277,348,653
465,479,902,-82,946
785,455,45,201,-68
105,26,834,860,391
722,177,902,578,436
800,-83,329,3,910
948,63,69,422,191
647,995,848,936,6
704,-83,639,340,230
476,257,-82,736,961
434,286,221,963,790
-48,100,505,152,907
15,226,729,823,305
41,756,899,247,-6
590,907,420,135,324
386,293,102,750,-2
72,699,946,-84,179
400,762,-67,286,501
440,575,141,267,284
411,533,224,318,148
5,521,836,942,429
653,667,753,442,632
702,901,717,679,85
234,67,999,502,505
835,-60,876,-52,904
734,53,166,650,305
401,94,130,393,632
26,686,544,757,436
13,609,706,810,229
284,-42,544,52,742
35,936,272,190,766
483,555,778,966,162
315,402,616,125,555
182,77,948,808,289
929,324,49,248,710
176,97,681,658,365
833,911,-91,649,353
919,704,644,28,738
584,918,162,11,876
306,-40,105,571,361
714,56,864,278,719
424,973,930,528,357
116,-81,613,55,661
91,792,535,-59,838
712,93,512,701,713
477,1,157,364,527
637,466,-46,790,578
155,356,712,742,394
504,50,574,202,852
441,318,501,437,391
18,371,69,969,684
951,930,901,146,572
596,212,-95,482,33
939,136,185,804,203
124,128,197,689,157
900,701,-16,452,110
-24,435,43,678,683
50,147,227,298,332
573,338,794,523,594
353,653,594,527,828
520,187,95,426,761
886,513,51,217,168
396,532,702,696,-58
297,864,513,24,356
1,656,98,390,700
490,743,561,549,268
538,240,-5,574,763
499,248,230,401,904
759,302,28,806,662
145,162,48,205,71
703,700,417,334,286
-31,410,356,304,399
661,148,589,-64,543
790,98,201,741,733
477,793,465,338,486
36,-78,698,830,445
566,452,254,997,691
734,978,494,378,409
172,692,120,495,856
536,470,847,857,566
276,924,170,218,430
935,166,406,278,188
74,496,476,400,651
884,442,736,-19,275
219,687,447,441,223
196,961,650,271,330
393,510,742,632,-50
995,983,-54,994,51
760,927,-87,528,894
539,125,531,454,708
770,628,969,684,693
551,154,444,925,743
-20,795,-72,298,264
766,133,-99,961,822
690,913,301,508,56
507,305,679,847,636
650,289,-28,399,851
41,395,937,214,183
724,152,474,830,468
377,63,500,59,-78
722,834,-20,-24,50
282,24,63,70,755
341,652,872,791,269
12,841,995,366,457
423,77,850,621,373
142,235,787,361,570
300,-23,204,221,243
237,694,229,336,497
450,248,502,161,181
278,281,724,915,290
452,960,238,821,153
375,-47,885,-27,36
276,-26,570,79,298
856,711,878,832,-38
956,481,-51,449,569
860,-16,590,-85,-90
620,-20,664,260,637
873,423,954,423,-67
684,900,293,493,744
94,562,807,585,129
89,-67,140,867,331
159,200,394,8,612
726,122,729,-91,794
906,615,482,108,479
197,904,204,157,-18
674,960,773,791,560
720,733,524,607,687
276,171,535,78,861
338,967,-54,587,772
990,142,310,-85,667
240,214,227,-96,609
39,10,-22,387,149
533,692,888,63,599
241,212,799,322,301
-80,512,966,887,211
847,199,200,-7,608
826,339,127,290,759
551,124,831,232,41
-85,285,207,924,110
646,369,525,493,342
244,290,182,-48,845
706,815,2,8,568
822,724,551,558,-36
-65,513,-11,692,-52
583,529,838,312,263
521,469,470,657,515
579,605,458,808,273
643,460,394,652,836
84,68,705,618,150
990,39,442,357,-38
978,601,666,246,257
167,149,508,466,601
52,232,170,579,498
151,452,20,463,412
-13,383,842,48,674
8,-96,859,285,799
21,761,686,471,644
736,787,954,948,558
771,633,563,-50,172
391,2,74,720,155
409,106,748,647,649
550,312,430,445,710
209,989,141,-64,218
160,876,905,705,467
771,420,435,861,505
203,394,579,313,74
338,168,550,25,146
257,137,440,-25,577
6,404,353,37,-3
346,461,9,654,487
456,938,210,578,379
140,983,-39,398,858
541,210,261,439,1
351,164,873,772,901
-47,895,364,482,848
364,639,747,16,198
3,843,355,57,559
0,456,471,439,417
317,-81,546,832,816
681,-69,528,384,-49
-21,531,243,686,841
313,853,230,822,629
793,595,886,529,595
232,201,869,-4,463
437,282,102,74,215
903,555,770,327,358
667,635,850,892,-98
2,298,644,11,490
492,100,781,520,283
62,406,417,444,998
918,559,267,878,-95
545,-45,688,-16,913
257,414,921,325,828
-42,118,961,504,633
418,916,674,749,401
478,725,6,34,642
981,213,155,112,438
983,-7,492,534,251
383,983,142,725,878
71,788,616,152,773
344,146,752,947,277
642,203,388,-20,547
695,807,359,889,730
507,991,295,309,376
716,303,417,708,782
535,-59,879,785,407
115,206,200,610,737
102,598,416,930,881
249,515,134,423,170
797,732,415,872,502
368,772,201,137,9
134,466,302,942,47
228,284,158,450,963
265,986,585,-28,24
328,424,640,541,237
952,-21,556,88,283
471,121,310,924,182
103,806,318,74,583
997,142,126,914,595
348,213,337,368,738
66,813,911,857,784
-37,738,88,226,192
136,603,577,530,338
616,57,683,621,108
446,826,948,800,417
585,983,968,481,171
389,227,812,555,346
282,140,666,788,148
63,571,267,-58,387
-28,985,585,560,569
957,951,580,360,430
885,-4,266,912,973
116,-46,655,829,804
103,139,10,-60,330
353,533,582,143,17
867,111,-43,861,731
713,279,855,214,0
592,-74,-59,77,361
441,43,705,627,632
164,136,825,-51,97
713,414,705,129,304
418,584,388,571,-59
809,898,544,176,58
925,832,572,484,822
275,800,525,884,150
818,466,169,-69,722
237,783,953,569,870
546,445,38,275,596
897,459,84,262,867
939,894,761,-70,744
797,-73,466,424,926
-7,620,659,522,813
583,654,637,205,531
256,-79,396,602,522
269,942,286,926,629
85,49,858,38,128
698,82,981,788,964
470,354,422,1,360
651,598,326,129,418
147,935,417,572,740
498,-61,147,336,580
58,486,876,627,109
141,788,344,627,182
704,279,774,680,641
134,708,235,510,854
697,442,-55,0,577
646,509,380,562,106
559,17,695,858,-12
948,711,477,998,785
638,470,180,457,972
333,333,342,592,574
810,830,496,706,953
534,825,438,893,395
874,416,856,617,711
850,194,693,538,530
876,334,989,966,505
912,613,608,272,263
675,672,-76,936,628
730,591,78,734,716
441,701,-82,871,531
498,461,490,245,389
-13,646,797,85,252
479,81,439,575,797
321,690,5,833,345
689,316,950,504,91
745,936,569,858,766
194,642,904,573,834
916,589,397,6,407
872,416,486,495,438
107,152,648,856,449
28,146,761,868,641
692,242,361,311,-43
833,70,555,970,518
251,526,-56,39,493
801,234,167,704,-24
417,49,603,303,696
974,815,986,918,298
366,151,625,566,726
831,945,436,792,-47
360,725,949,107,976
431,676,844,765,-31
192,-80,777,-25,885
-18,275,904,562,225
615,854,911,216,338
789,445,236,449,987
553,-37,388,813,706
975,287,349,325,518
507,958,855,852,191
196,36,938,464,475
761,874,822,287,114
366,-59,726,487,79
237,985,714,763,172
818,992,977,335,623
700,903,131,142,440
195,-38,-72,907,978
239,804,490,30,524
296,249,648,544,513
443,420,-53,246,765
915,-59,899,-58,695
266,293,630,680,761
171,301,948,134,602
740,104,838,68,324
249,274,972,351,363
774,326,514,217,451
104,830,438,39,733
499,952,893,746,484
208,940,857,852,311
299,589,430,351,615
40,479,70,-32,270
178,797,96,93,778
399,135,732,295,562
57,96,650,328,784
606,344,83,803,770
572,329,375,639,566
197,675,-12,-53,390
844,119,-62,61,474
790,931,4,-95,126
242,-93,472,767,671
481,883,-34,936,109
-89,542,706,592,460
947,557,-36,944,218
-31,19,614,880,297
181,495,97,172,387
294,229,386,936,135
85,633,733,125,924
706,990,912,335,475
852,501,435,391,394
558,171,487,112,812
231,494,911,235,717
670,746,506,969,13
446,595,317,949,739
813,21,135,-9,371
570,365,485,215,640
321,526,802,944,715
318,295,94,249,467
973,918,317,178,5
401,377,127,955,-3
213,888,-39,552,657
146,477,189,995,679
511,362,48,552,53
977,851,289,187,256
599,324,357,947,530
267,581,-34,-80,466
44,974,945,44,310
279,285,683,60,747
466,88,874,353,708
310,5,818,974,699
890,-1,929,534,68
982,141,352,309,545
155,938,734,903,201
769,231,743,721,147
597,379,128,713,126
-54,298,41,35,716
-84,238,-28,176,437
395,872,170,833,678
574,636,276,141,258
686,40,703,886,989
933,19,773,-78,419
545,911,374,372,851
-57,931,105,565,97
110,265,581,498,604
100,370,261,594,420
44,293,32,768,811
-42,18,294,984,180
211,164,936,840,39
-20,703,626,272,722
43,795,604,790,224
-96,129,789,71,797
768,555,925,-4,-69
175,792,86,840,806
318,980,372,738,710
713,855,198,336,619
835,-23,535,674,384
600,127,82,156,377
77,728,-34,914,373
128,-27,891,512,960
316,92,317,915,890
81,612,964,620,293
208,456,663,432,193
177,522,496,413,512
-31,88,-20,814,225
-49,350,752,44,492
422,447,440,563,994
642,-59,388,835,704
-8,625,707,98,-36
290,152,458,-97,115
-57,406,251,268,467
879,-91,307,932,-79
435,-88,116,662,2
439,247,256,468,184
804,610,831,-88,-23
901,990,655,902,919
172,56,29,711,944
413,664,122,267,476
973,608,687,311,724
-35,711,45,390,85
251,715,682,718,230
850,-14,630,186,229
145,661,752,85,491
542,922,208,-54,594
-13,929,403,637,830
70,339,671,0,46
33,834,12,649,418
-26,815,514,552,104
91,933,369,547,-82
858,275,89,539,755
139,-26,87,761,23
396,65,752,-45,104
337,301,792,628,646
801,507,99,221,842
254,573,598,-8,73
969,948,687,409,940
978,672,762,670,72
9,185,762,932,712
3,516,866,827,171
-7,838,483,338,823
356,599,825,522,815
614,-52,-2,210,909
685,546,-85,-61,405
558,179,353,153,-20
110,195,841,484,755
550,844,122,682,285
-98,846,79,397,209
653,864,208,437,161
439,362,698,742,78
954,86,122,940,-14
547,448,582,648,652
246,218,155,21,121
58,834,-66,671,53
3,425,721,761,930
-41,786,784,174,523
416,850,693,427,477
607,298,860,0,691
-47,185,523,666,743
526,922,288,918,597
141,-50,720,-9,196
105,364,911,157,655
468,36,712,926,313
-85,209,995,681,897
682,655,216,401,700
869,963,884,237,410
420,262,8,295,685
572,291,304,432,657
161,428,286,300,51
470,825,243,94,705
421,379,480,175,865
455,73,52,143,549
500,811,387,347,446
260,676,64,40,642
964,-95,358,769,487
896,756,304,37,24
127,11,632,367,162
383,488,603,320,379
501,976,349,999,847
617,881,314,995,797
-11,797,891,186,416
997,206,987,484,570
366,989,325,636,354
191,901,647,750,728
838,29,123,867,249
823,770,755,621,923
812,-15,301,892,368
800,828,833,992,632
127,654,251,399,706
85,29,972,515,36
583,121,453,-82,-66
952,934,802,982,264
795,156,211,383,637
239,985,255,135,650
327,683,744,323,21
556,182,-10,644,720
507,241,464,119,637
12,106,874,749,281
343,506,407,272,271
634,568,42,639,10
578,157,633,466,171
-57,167,726,970,472
483,274,62,278,888
473,768,646,386,659
568,992,149,423,304
617,-52,934,508,782
908,77,543,152,64
125,814,-73,499,-87
595,898,-80,361,796
799,609,931,804,508
681,894,809,-68,242
483,750,875,895,478
377,868,323,295,-34
149,798,-32,-89,965
71,355,822,270,916
457,751,23,969,840
-25,767,258,871,169
669,190,811,448,130
602,28,172,789,-70
763,487,226,305,960
79,92,188,617,541
519,533,299,287,276
458,637,555,661,139
274,311,205,684,657
327,728,633,954,238
38,552,858,955,366
-14,579,644,124,519
311,419,690,525,39
644,787,386,995,457
535,627,162,656,28
482,277,693,906,412
677,225,820,643,-23
176,565,972,408,578
70,287,323,-93,48
387,472,-26,75,76
90,867,143,62,883
775,352,864,200,502
612,91,202,346,651
447,827,998,-18,119
292,659,965,659,399
209,814,503,461,740
206,302,344,186,24
173,262,840,834,538
964,963,330,230,639
739,443,-43,588,941
523,185,794,237,631
630,939,425,208,768
828,32,-15,650,885
-38,610,253,921,667
120,-15,779,520,131
526,404,349,437,806
905,158,918,756,260
411,-12,677,286,903
161,71,850,802,263
959,151,290,28,765
906,223,-44,490,773
306,395,551,847,49
149,952,-97,135,278
128,387,805,997,114
485,957,36,346,893
722,264,743,946,116
83,251,509,844,142
0,879,895,242,603
50,242,226,-12,758
862,724,912,479,435
7,-3,672,384,693
752,233,515,301,877
942,119,924,304,150
-95,228,62,275,129
954,231,161,272,23
218,545,529,-50,675
77,636,645,354,946
424,225,76,108,372
363,540,693,696,151
553,789,266,687,458
550,184,400,312,824
465,940,216,-88,977
488,706,808,-70,679
948,893,377,42,-81
604,598,915,910,-90
-82,852,241,894,543
698,443,34,171,23
-46,838,473,200,298
795,869,89,946,-58
783,778,576,537,598
921,496,980,141,791
232,888,706,-81,43
321,14,493,756,59
919,-68,632,926,497
580,746,210,299,193
950,179,306,852,-4
496,589,842,135,567
807,415,168,103,59
228,446,96,196,-2
415,77,44,788,677
434,8,573,463,393
252,-96,734,612,328
-83,146,204,514,490
36,913,874,759,480
158,539,533,504,554
556,425,524,277,613
960,-56,489,858,709
250,244,628,704,122
355,996,452,-65,748
1,503,299,655,615
969,109,652,575,675
-13,33,97,117,16
11,374,881,645,99
580,699,34,949,60
621,155,221,41,189
924,216,-49,-94,827
176,945,293,345,599
64,929,865,525,623
628,232,-79,812,801
973,759,-51,-33,927
-18,585,38,288,208
179,515,603,857,755
622,387,678,131,-82
906,598,803,29,221
531,725,-99,660,853
227,387,940,765,384
544,18,365,414,457
505,213,740,963,113
746,350,483,609,773
77,408,716,859,519
731,768,-18,52,479
940,772,316,639,908
463,151,190,341,330
987,554,497,290,334
22,217,655,440,-60
112,934,906,162,184
76,240,125,-12,414
5,671,479,796,991
455,77,554,842,869
105,543,603,641,770
70,896,97,800,126
395,31,890,631,987
539,46,928,917,693
623,162,630,332,510
523,438,5,535,195
18,259,543,111,136
348,77,657,215,-12
633,208,155,-68,184
986,337,668,797,626
976,209,871,-88,710
830,693,-91,68,404
750,-2,884,288,55
429,868,280,-29,535
947,550,671,32,-90
492,379,-5,409,464
752,564,-81,261,795
342,962,648,989,949
574,511,636,267,291
510,86,808,583,642
980,217,514,859,278
23,382,894,159,650
596,106,862,-93,492
691,432,672,266,887
324,586,-7,717,446
255,906,140,353,586
56,525,992,-44,28
-17,355,729,247,25
211,851,598,930,709
607,526,13,390,830
7,289,464,891,291
820,765,829,681,359
21,-37,627,860,821
-50,540,-4,9,737
135,752,866,95,121
302,46,725,111,653
711,512,804,383,752
25,-53,842,382,478
178,629,-14,799,701
-70,613,620,966,972
312,442,199,374,375
316,620,673,231,-91
111,7,732,186,583
113,456,592,136,-43
893,371,514,662,233
-24,-57,732,196,181
840,21,496,58,56
445,873,134,293,493
762,201,196,618,146
31,636,-21,959,290
185,390,253,54,-97
746,650,872,829,566
-44,733,847,444,218
284,933,794,252,421
404,482,289,-97,821
80,755,287,617,83
142,757,53,36,291
429,968,287,671,536
899,20,277,454,275
120,893,539,47,564
770,87,886,552,475
-48,102,-47,551,721
906,182,595,824,866
931,674,153,225,610
379,253,673,323,136
404,15,833,779,183
537,860,147,691,269
491,956,160,638,-54
781,595,29,913,348
373,171,-74,726,-38
999,148,426,678,84
919,-59,-40,-64,139
163,187,214,299,520
360,-33,52,86,710
760,516,441,292,986
-68,297,70,734,-8
768,576,164,775,305
254,372,986,811,259
267,-16,193,925,474
704,542,760,746,42
597,892,753,974,268
664,688,316,849,513
493,787,265,278,735
611,744,721,-52,129
190,83,-27,860,325
347,486,196,183,690
-4,237,907,941,-74
256,70,217,499,935
274,661,632,371,247
539,755,170,262,831
543,979,989,683,782
837,800,182,202,780
200,831,758,728,-95
605,144,373,323,80
-35,450,644,395,841
867,4,478,-65,473
764,425,389,336,182
541,449,47,448,961
923,212,234,578,847
663,57,572,322,570
958,616,939,192,407
625,523,937,-65,343
399,273,910,196,206
622,201,810,988,718
709,86,441,708,642
502,312,994,557,187
974,584,-16,875,105
382,439,-21,860,230
483,549,-82,233,-36
842,113,666,26,281
582,878,8,932,522
71,624,-48,608,655
322,751,59,951,-94
252,383,375,338,803
346,-27,900,936,613
80,563,910,190,131
83,793,480,786,50
382,809,485,466,316
626,435,547,471,730
55,169,947,117,798
412,257,705,612,118
665,686,25,572,825
280,329,143,505,901
954,297,794,295,463
307,427,355,141,643
345,-4,930,520,625
743,924,306,673,-64
626,452,159,683,78
187,865,760,893,543
935,391,243,875,907
522,637,419,662,574
569,280,683,823,903
211,159,-53,996,-99
565,97,20,769,739
207,303,51,502,742
4,734,613,540,437
854,-54,794,582,347
763,720,87,304,370
511,409,930,394,866
-7,35,202,812,285
39,830,477,328,317
365,659,408,193,-46
699,-31,989,103,95
784,-51,208,78,61
407,857,-22,919,997
891,122,363,974,297
741,635,675,56,799
156,888,357,665,159
77,58,256,828,812
296,623,309,8,301
850,497,655,568,-46
-69,-88,-8,244,603
815,558,-46,129,948
311,-60,549,294,190
164,350,716,340,299
-84,-45,-25,854,170
585,257,265,13,239
920,618,794,375,219
826,653,266,444,763
716,-17,651,-41,687
743,363,548,933,216
710,838,669,466,917
54,549,-18,-79,230
599,705,670,554,510
677,537,118,550,213
680,997,429,674,79
789,125,133,511,915
631,656,441,406,912
609,151,133,312,736
605,660,383,135,14
529,586,678,238,-71
912,604,829,351,-80
702,472,136,479,916
997,943,258,971,544
413,304,975,513,-39
-74,-50,184,565,-23
539,-21,468,183,120
621,302,601,191,-13
107,936,731,71,198
184,673,-69,869,305
828,531,848,-46,-51
303,174,892,315,285
834,39,219,78,704
867,890,740,813,8
445,264,277,461,764
136,719,9,623,85
973,208,567,395,398
283,945,-85,768,952
359,946,165,682,172
76,893,17,342,301
829,-32,364,136,690
-64,560,666,841,858
109,796,441,618,707
958,294,58,682,692
643,803,950,532,480
-5,795,851,953,480
759,591,-24,406,554
-39,303,11,612,928
267,64,701,163,-47
484,769,365,942,740
31,428,968,692,705
140,-70,792,-5,380
787,728,975,701,18
707,-57,888,184,-31
179,479,489,-30,822
52,444,72,987,603
413,669,402,686,805
713,-35,998,140,856
639,99,799,958,655
203,926,582,49,449
-15,-48,138,887,546
914,-35,534,80,460
139,269,781,666,710
-45,742,306,862,622
789,188,770,513,528
-45,483,282,465,309
86,692,627,580,518
762,59,490,450,361
-5,493,791,607,651
502,97,462,491,12
566,271,757,663,345
365,661,46,326,662
756,361,631,157,573
756,892,957,953,481
579,831,-22,977,512
-88,849,758,695,123
-14,642,533,88,851
850,480,44,834,688
968,263,492,683,456
799,552,493,719,440
657,790,464,139,87
515,703,847,488,823
813,529,-38,536,889
620,183,100,527,-76
497,-17,383,422,242
174,242,-66,997,-96
-70,555,814,165,787
971,988,696,-70,200
619,226,514,-73,453
913,86,373,547,764
684,680,504,889,-29
960,-1,190,46,238
504,168,822,760,759
15,248,909,976,442
5,915,512,-76,320
686,309,637,955,271
782,976,647,234,469
488,104,817,623,75
793,336,562,165,-36
696,148,700,738,773
148,759,512,326,915
791,48,198,51,100
305,553,616,846,259
865,789,465,563,19
842,542,126,830,499
741,493,514,-50,411
507,606,948,121,-51
508,433,323,161,284
189,565,-21,57,610
783,13,330,915,976
922,-39,309,259,470
364,87,730,434,766
559,985,944,263,786
526,509,438,272,141
103,-90,164,856,558
-36,318,450,662,925
349,767,307,751,654
355,-85,959,454,345
462,198,-86,886,177
417,640,-2,95,651
150,847,569,748,30
-22,769,862,393,752
164,615,86,881,789
388,155,820,913,298
585,192,552,360,408
565,981,366,373,843
123,153,733,946,412
520,-16,432,426,82
176,635,811,11,519
368,812,970,274,733
620,367,316,609,51
953,318,-88,227,286
494,191,-97,-68,569
541,831,67,270,437
551,-27,-21,999,902
72,910,457,543,731
943,11,-89,991,488
162,468,396,301,17
731,926,720,992,64
-8,513,708,696,966
411,31,426,387,673
752,764,-32,285,134
439,285,-11,898,346
21,93,675,389,-44
84,189,836,17,389
180,518,69,471,99
164,-85,233,111,60
729,-69,40,902,75
409,929,175,692,535
166,44,-42,587,27
348,466,649,759,481
236,87,66,214,72
339,803,431,235,462
759,723,390,92,171
556,540,936,791,128
9,282,509,801,974
449,656,215,396,864
308,605,-65,920,249
481,562,557,870,976
395,820,252,982,759
135,130,100,705,-9
-32,-15,765,279,972
344,789,20,-19,198
903,708,673,81,369
820,187,142,407,189
521,217,762,695,606
466,501,715,981,325
816,176,300,314,376
-94,802,156,844,693
114,35,755,498,-81
53,329,668,464,434
943,503,50,597,941
858,242,371,326,164
836,-71,962,615,66
572,650,431,430,972
193,45,816,631,660
616,238,-35,989,197
-46,537,190,696,207
664,235,62,457,33
611,94,808,228,496
669,277,116,699,251
606,947,617,186,305
794,141,842,672,-4
589,648,803,18,305
558,416,1,731,323
639,604,780,-19,724
107,507,1,904,741
528,358,367,188,203
991,734,487,943,558
980,233,469,979,104
582,938,-70,653,437
-51,-6,988,623,350
794,422,99,318,197
361,63,10,875,682
331,276,528,105,734
530,491,803,509,115
702,317,817,493,922
389,930,109,472,-67
804,181,877,869,353
684,339,848,162,289
790,146,136,157,261
813,553,667,587,167
489,613,112,863,682
-39,-70,779,420,782
760,564,-12,793,626
793,781,941,903,393
316,928,274,769,719
388,88,486,-1,-43
419,35,805,99,935
870,536,240,519,36
881,364,247,967,-83
790,740,800,489,958
485,532,570,272,245
131,856,639,498,917
750,582,731,550,246
79,659,883,702,815
78,451,-35,232,867
640,49,19,642,414
185,257,660,547,80
282,-84,40,116,-21
890,229,714,625,606
979,579,770,782,969
535,313,268,119,257
7,633,-75,610,253
814,896,130,-35,61
-21,-1,704,22,663
233,734,969,157,549
928,272,275,783,580
773,324,317,588,664
483,877,705,479,825
535,433,233,405,917
931,612,-70,325,278
-23,362,-82,795,189
716,617,122,106,219
343,628,114,397,157
495,498,963,391,968
525,326,556,248,241
714,903,-1,122,974
466,410,806,320,686
593,757,607,307,810
253,743,-68,512,689
845,922,25,318,110
933,663,699,524,635
657,218,464,-1,443
812,551,788,216,536
237,586,970,-91,104
827,762,-64,317,-93
825,927,222,371,225
990,706,495,-54,64
557,-22,23,729,270
693,165,261,565,170
642,263,932,675,329
347,32,959,186,165
605,304,898,128,988
156,-75,314,351,354
563,840,866,590,173
129,454,991,799,676
914,156,2,63,499
1,525,761,76,777
303,410,792,575,639
152,31,984,192,546
987,245,813,704,699
435,721,338,269,80
422,785,818,482,635
-20,221,49,832,710
713,506,272,563,201
414,617,99,806,-65
496,946,-4,729,316
136,359,846,872,156
397,208,9,402,-11
656,105,329,471,849
526,81,761,956,662
218,66,461,233,327
131,118,957,366,807
739,644,-68,901,535
541,355,667,110,242
832,271,200,141,-73
7,7,379,523,950
11,-13,652,-60,874
101,479,761,623,107
590,914,778,559,854
283,372,397,718,347
115,-91,-69,501,386
-98,475,34,765,412
196,554,669,154,922
865,781,859,366,318
725,278,803,94,360
850,220,3,449,243
759,881,271,406,939
445,464,880,406,805
310,981,373,617,145
801,-70,-47,457,36
691,138,27,55,820
345,703,462,770,20
388,-4,612,403,158
758,807,-51,167,38
924,387,772,270,84
788,619,353,205,694
157,802,124,267,753
870,989,816,555,-28
575,738,931,319,369
-55,413,512,914,-7
528,288,729,528,547
900,502,662,295,919
62,917,385,569,704
542,757,814,849,992
562,644,302,438,357
260,938,51,218,121
855,263,878,463,12
488,825,21,608,149
-69,891,458,453,402
618,64,37,592,-25
495,-90,385,34,322
433,705,214,796,913
814,963,376,635,447
842,785,566,452,446
769,288,459,24,250
-49,746,442,759,-39
-29,680,690,54,876
707,626,202,473,832
478,452,-23,668,41
10,249,245,909,979
818,190,383,933,554
613,481,829,294,350
626,736,951,-53,736
51,333,20,906,156
737,505,197,768,876
318,951,885,389,962
-17,171,206,122,941
896,167,902,697,676
232,472,653,647,795
-57,938,444,-83,58
512,284,756,893,839
217,992,600,420,526
77,738,281,709,634
390,959,196,837,143
826,545,563,940,414
376,722,201,24,921
472,322,730,566,835
167,370,660,165,324
645,458,-80,395,70
15,920,528,895,-67
443,920,857,460,-44
342,365,508,533,295
157,660,870,302,539
367,45,622,692,411
584,145,57,620,71
750,114,751,306,497
-57,931,795,651,874
15,751,605,385,582
797,909,-95,364,-86
870,789,38,705,913
272,-57,639,88,182
485,541,935,357,129
922,-91,593,574,-10
530,321,564,884,581
499,222,211,16,655
-36,512,27,607,765
110,345,634,664,162
692,40,671,507,679
712,128,117,163,632
752,755,62,-85,560
637,140,790,307,255
456,773,308,34,516
-6,691,875,327,509
906,920,529,927,242
721,947,305,54,840
240,207,58,666,844
117,63,893,25,255
999,110,193,310,548
540,857,-98,393,-49
827,26,973,692,286
111,-49,334,87,158
35,530,26,719,312
26,7,387,606,809
23,324,787,266,235
223,708,112,290,-90
621,755,572,342,-47
889,69,366,95,895
866,-95,438,235,290
-64,562,575,562,211
-63,937,452,569,322
-15,-96,315,434,524
511,993,384,238,18
312,474,253,-45,-75
308,393,620,521,679
506,135,438,398,134
505,254,-4,398,60
216,909,-5,44,237
266,576,758,369,307
-58,907,136,290,824
252,272,584,-89,242
394,476,477,743,-96
603,309,955,438,22
740,44,126,348,942
112,122,-77,-30,932
32,157,551,379,139
-12,599,960,347,767
5,147,221,-62,340
630,665,918,788,256
819,565,216,616,997
12,202,221,-63,876
742,858,394,5,328
566,829,492,719,733
774,840,331,-80,989
642,304,897,371,11
68,708,300,-65,264
291,121,239,494,923
715,604,626,576,-71
130,54,512,446,776
-65,895,225,730,66
978,77,66,803,557
60,140,628,169,927
468,518,996,947,653
212,463,803,345,0
-82,329,692,212,670
421,758,608,356,524
-13,943,691,878,253
709,997,564,13,62
239,9,464,240,730
96,277,718,885,-28
610,92,-54,46,813
707,751,846,-75,633
905,820,728,942,685
-70,723,80,15,-93
913,565,622,720,165
132,181,834,82,722
677,615,982,925,152
568,824,630,9,46
443,164,556,750,913
752,312,92,9,806
220,551,213,89,572
-17,284,242,917,878
521,637,186,750,956
307,993,551,192,599
354,95,144,187,310
64,921,11,474,538
27,94,491,471,-87
750,941,616,301,361
238,296,261,812,79
137,92,226,782,312
-9,99,642,0,112
850,598,611,864,204
474,77,447,866,40
956,370,118,203,792
475,196,993,314,889
461,431,966,49,887
158,869,341,472,862
135,726,974,483,118
934,91,976,546,-3
610,561,398,725,136
433,984,423,888,945
785,569,706,683,-15
9,-63,44,375,333
168,170,969,266,922
84,15,875,81,144
407,448,296,334,356
759,484,590,323,297
-4,648,366,257,475
507,-21,894,285,-28
591,985,140,37,561
222,485,750,30,686
486,989,302,980,365
32,95,833,806,775
969,458,760,82,602
819,533,157,922,381
332,612,446,154,120
720,566,670,751,298
230,137,54,533,758
-17,143,615,952,317
292,-18,869,114,636
690,327,551,-5,145
153,290,728,-51,684
256,231,-33,425,-61
2,-72,415,650,592
703,787,525,374,578
846,630,-69,253,841
573,785,836,955,569
458,896,214,952,550
-36,787,-63,697,442
452,642,26,575,927
-38,936,-36,416,955
601,930,169,663,-26
634,398,607,284,160
115,816,425,902,513
-7,141,960,523,101
67,267,262,109,890
3,304,73,519,620
450,185,28,344,935
385,826,466,65,826
349,58,570,189,190
235,373,-24,111,418
791,688,699,-26,-27
791,-59,560,377,374
929,714,722,873,62
222,33,951,413,8
301,186,257,-5,984
901,-49,917,296,653
745,498,490,61,-16
786,230,383,550,557
49,618,643,158,255
95,437,653,252,564
820,68,188,798,2
168,602,50,33,754
617,557,640,746,14
505,579,820,668,913
-67,332,174,323,580
717,454,331,460,20
846,934,83,624,6
410,886,493,474,190
310,562,945,272,127
408,330,12,265,243
921,365,576,501,351
12,25,956,185,840
820,650,720,-44,840
818,581,451,188,250
352,887,646,437,488
791,919,132,933,749
699,495,323,955,709
325,-27,364,836,761
188,859,182,725,-20
207,82,760,597,300
816,640,381,60,2
420,506,710,662,387
905,-82,427,717,590
938,284,361,-83,549
973,714,0,747,892
896,-83,544,-31,919
654,591,341,115,539
900,425,686,913,259
278,688,557,127,-50
-38,720,271,896,124
619,843,637,969,-81
294,769,146,526,637
127,671,-3,981,517
-24,647,915,944,208
57,191,677,555,24
553,525,-43,446,-36
91,-22,734,821,712
853,245,-23,656,644
496,269,454,60,346
243,-91,380,749,374
348,304,693,474,967
435,364,418,205,604
955,276,869,12,797
348,767,333,177,-81
916,887,28,742,33
298,882,924,-90,61
461,440,449,815,345
115,424,57,922,-32
107,277,-6,379,917
-71,734,237,402,704
418,756,344,935,835
905,8,348,107,472
676,990,739,334,293
655,262,744,536,594
506,959,42,873,-37
151,978,948,301,842
329,549,562,921,379
-37,826,-66,613,558
133,573,961,441,369
813,614,792,865,791
408,355,394,873,465
97,125,642,-89,954
648,476,187,140,555
940,140,904,802,983
617,371,555,412,407
74,842,638,400,932
608,908,975,969,980
480,714,118,-2,628
-23,511,634,870,-4
407,958,-6,519,11
853,64,584,-84,912
634,701,190,267,493
217,733,713,985,8
630,693,647,527,771
61,544,161,903,-74
704,343,-21,588,310
12,817,751,706,21
727,-8,862,632,71
821,853,661,73,687
923,578,87,610,940
276,503,240,215,467
228,324,429,693,762
726,-4,-14,-22,35
622,59,122,125,510
928,264,62,847,288
272,607,-45,131,407
733,1,478,-39,500
2,28,176,793,889
174,673,294,648,680
-39,643,840,574,912
280,377,193,670,957
954,858,436,632,393
443,558,294,271,992
226,-12,165,788,158
503,399,991,113,995
701,250,737,-86,943
31,198,-98,367,30
414,573,775,688,745
410,429,320,73,522
985,814,-26,955,936
726,729,360,628,263
576,431,935,-16,255
410,70,-47,539,97
434,859,611,770,35
453,29,833,-53,296
216,85,698,174,504
111,567,862,925,622
172,-5,332,342,630
606,-65,-88,621,121
131,144,140,426,391
755,220,619,827,314
-80,165,-9,951,206
312,329,277,787,539
-17,761,966,180,302
106,40,521,879,870
204,467,772,772,327
207,487,135,311,304
771,790,815,654,887
724,223,69,808,710
517,692,890,-43,632
-13,930,784,170,271
744,374,354,708,999
271,878,607,117,783
659,955,697,949,933
444,354,-76,203,918
821,720,718,61,565
460,748,197,289,533
171,28,979,56,755
440,723,-18,863,-92
569,-74,177,130,415
204,664,739,954,656
670,357,124,332,915
749,344,330,362,154
132,80,365,29,280
948,709,137,230,267
-90,355,510,132,879
668,936,471,628,456
538,660,42,118,312
423,965,208,85,175
583,980,819,-1,789
79,894,468,251,311
204,455,332,814,581
112,302,930,87,927
602,69,849,249,418
319,604,317,424,255
199,355,161,889,472
947,494,587,465,770
-83,618,922,918,933
-64,283,813,397,481
769,70,953,97,416
989,787,295,748,-49
580,452,100,346,193
186,64,647,50,542
587,69,679,513,-60
-55,-84,901,782,673
218,368,394,712,412
751,217,362,389,-77
860,459,816,960,783
255,319,346,405,320
540,-51,458,-48,370
924,271,735,106,602
-82,497,-65,703,-42
687,862,-42,943,501
320,835,312,56,246
537,457,445,220,857
851,774,750,838,785
147,800,439,248,800
627,708,583,892,342
885,-95,978,175,66
958,-90,764,236,887
116,-47,965,648,823
220,296,583,684,83
777,906,234,767,-47
984,-53,727,465,490
226,503,568,617,55
265,892,7,303,85
90,180,54,628,-65
377,503,923,296,694
55,907,185,158,171
935,273,-81,733,731
224,702,698,877,305
666,-7,671,543,200
-11,235,577,469,867
669,971,64,361,209
683,638,638,46,602
815,928,647,246,-28
426,69,38,503,538
-12,-7,-62,-3,167
106,314,-16,241,302
715,895,497,514,466
647,153,154,220,751
334,463,579,-20,210
765,959,323,21,913
949,324,136,617,160
764,795,-45,140,938
651,887,-56,74,346
595,276,47,326,190
-10,492,905,689,935
81,243,-49,656,249
658,838,136,129,333
36,972,409,812,239
748,869,937,779,987
667,41,-50,827,562
-15,25,-82,471,360
7,771,700,976,131
280,574,449,931,657
564,321,750,592,258
774,230,390,790,489
684,202,517,917,-91
917,10,-20,220,989
985,101,718,79,313
372,377,-90,381,111
189,728,-77,289,35
244,-5,904,509,179
-65,341,371,943,-94
-26,813,950,535,500
634,269,231,634,669
641,6,870,626,856
-48,760,204,221,602
314,316,176,167,-51
608,595,709,249,879
713,485,593,490,841
277,467,607,449,834
384,911,13,873,-63
747,492,109,797,299
994,396,244,19,241
641,904,233,612,909
949,517,733,558,511
910,145,7,482,757
631,960,625,457,594
-70,931,588,691,331
950,58,861,718,958
937,756,781,474,737
634,277,821,702,872
462,187,804,91,851
226,656,111,359,209
-1,192,827,782,838
18,108,265,90,512
261,-82,396,375,950
150,653,406,516,474
-62,85,17,-6,981
215,867,785,946,985
329,180,234,327,701
289,821,-21,69,695
428,-53,-38,799,120
721,730,502,522,734
994,310,294,994,39
967,535,480,407,538
34,660,405,406,357
776,136,998,126,26
13,517,586,-82,835
727,453,263,626,602
543,439,978,993,981
230,863,684,-12,348
-70,168,86,146,458
265,519,715,263,-56
590,-22,770,833,915
907,544,46,-49,-13
175,77,218,680,379
168,440,256,212,-16
967,372,309,55,25
705,-17,815,119,731
136,138,446,183,673
363,517,481,365,943
652,73,748,309,27
896,761,935,382,316
61,904,477,852,290
617,782,704,460,773
189,156,558,72,478
929,-71,-31,-30,247
301,877,653,632,526
508,31,930,291,535
961,-64,942,311,905
353,225,924,136,863
-52,442,685,605,745
899,-94,954,169,145
291,841,510,49,865
916,318,447,110,84
315,384,616,816,147
848,-56,18,666,-99
272,26,107,160,466
288,421,98,617,436
806,351,598,700,-86
817,211,54,867,142
590,220,110,245,206
616,537,587,993,658
6,744,568,659,473
280,500,971,777,494
513,879,96,666,799
349,162,742,108,12
130,305,46,505,864
482,207,633,128,798
829,675,248,915,674
994,515,385,709,-41
694,233,375,802,589
525,425,425,-57,826
213,486,536,897,967
231,79,735,345,-76
217,885,-2,318,686
960,938,438,931,152
672,650,572,687,452
-33,989,597,887,-11
116,756,948,-18,734
949,952,828,922,889
363,374,392,287,502
205,71,57,76,822
-75,42,188,-90,220
896,-28,-7,-23,479
972,715,168,59,725
372,485,129,573,-50
480,653,259,878,756
135,27,332,935,213
947,502,729,105,297
564,215,918,372,796
132,904,468,338,186
178,571,-17,928,145
436,565,887,388,442
817,267,128,754,424
234,37,907,198,136
669,715,713,14,322
478,820,297,-99,218
599,875,679,237,-34
923,958,519,286,13
364,537,961,-34,185
237,18,955,795,651
45,638,984,-71,758
610,234,521,931,528
453,899,242,468,426
369,455,364,658,753
951,400,439,714,889
932,810,990,975,233
554,-59,293,440,247
506,501,340,-72,556
842,706,528,65,929
742,124,855,-40,381
544,521,289,-71,159
660,765,236,106,887
689,386,15,678,304
84,531,-70,828,506
-82,50,823,866,121
479,177,995,-81,519
565,266,515,733,636
488,930,-23,831,913
300,914,872,18,450
907,-26,682,173,208
281,-53,228,562,917
401,544,-37,510,117
795,83,12,700,676
778,292,906,-58,725
355,-65,138,201,261
589,54,436,883,622
181,960,434,505,556
441,680,673,-42,533
852,910,271,92,427
-88,832,238,773,894
907,414,913,7,365
479,792,193,513,32
97,-71,-37,97,999
632,570,141,841,57
254,-70,634,615,938
338,535,881,346,927
400,795,428,66,297
7,520,-34,297,-39
187,580,615,387,968
903,-29,613,-97,40
-34,908,72,765,305
959,276,883,676,773
575,435,385,965,697
559,784,913,-1,817
151,186,833,815,903
381,845,479,313,641
347,818,238,889,318
587,158,307,841,887
271,377,75,956,709
803,450,251,390,165
646,-30,280,977,168
723,495,108,876,107
595,997,14,-21,179
49,869,733,688,989
603,503,240,497,-35
782,663,414,791,-98
229,748,928,644,94
806,319,345,443,698
482,142,248,217,310
607,707,94,870,373
611,889,-10,398,527
119,219,980,931,822
-51,487,71,237,306
467,497,633,406,585
661,89,389,866,886
583,999,44,281,684
100,315,219,570,-48
71,666,930,301,-76
684,117,363,449,984
205,460,580,869,398
17,527,365,-38,-43
144,882,6,784,529
449,-99,524,414,882
145,169,34,223,327
182,728,449,916,927
889,145,447,44,618
137,902,171,459,531
-63,43,317,256,779
488,428,730,757,13
119,649,662,426,513
812,901,998,978,865
677,950,640,28,487
48,915,582,153,349
233,-63,866,179,989
550,324,611,42,478
48,730,212,663,794
440,972,255,246,645
233,861,734,166,388
482,33,741,871,851
869,356,166,723,59
331,-44,208,136,-63
59,142,832,405,748
655,235,125,379,157
587,915,329,727,274
171,813,105,347,180
951,826,479,796,100
67,585,674,154,192
889,107,654,-75,985
520,541,390,589,688
59,247,583,863,305
501,700,810,194,553
742,633,485,867,689
770,915,906,699,284
682,723,219,124,377
93,629,640,223,869
470,759,525,884,304
621,375,393,400,378
158,2,305,434,842
354,296,762,-30,702
293,608,195,883,228
621,571,937,125,434
209,47,304,224,592
-97,768,189,461,920
525,945,597,575,171
659,967,512,646,493
572,724,141,251,987
533,431,517,893,71
619,-6,344,720,291
-57,582,-5,68,274
120,6,313,724,941
677,832,295,456,286
829,773,359,805,509
58,270,438,797,630
877,166,384,439,907
378,809,819,808,472
834,630,158,449,906
386,260,268,-36,188
923,182,346,105,23
244,87,838,41,953
986,937,548,692,935
408,-50,566,238,-94
622,294,986,35,106
931,130,468,356,618
925,917,-76,975,832
920,511,139,848,935
483,496,128,511,603
613,304,512,36,133
546,100,309,517,984
471,143,971,726,955
761,832,474,934,-64
852,344,172,977,838
128,370,-75,724,-32
322,207,-65,176,397
964,221,551,320,923
262,-56,906,751,126
558,17,919,112,-41
377,761,635,743,599
795,480,324,655,952
-22,484,-76,-61,294
305,186,827,337,994
995,274,-65,364,152
146,851,654,309,-74
7,618,885,188,308
688,505,775,512,6
831,855,391,659,676
-42,-27,-60,714,736
-82,827,786,619,112
573,468,185,163,918
945,475,-49,322,917
346,327,637,-44,759
-54,598,341,300,653
858,59,-73,305,72
596,257,406,600,-51
761,571,220,13,322
580,799,318,799,563
52,639,629,350,927
631,105,426,134,20
484,56,361,307,512
890,372,469,98,135
676,579,894,697,651
724,924,334,97,-83
642,23,750,201,676
47,85,791,653,-85
21,-70,884,685,851
155,527,134,914,433
471,-6,210,50,423
952,756,238,627,628
-89,208,162,634,636
922,171,556,422,917
-73,811,-77,-36,688
575,43,797,227,-37
978,294,946,441,370
892,-11,337,158,543
320,477,929,152,376
-88,360,76,539,300
943,722,100,276,339
548,330,413,179,822
330,142,657,146,250
229,230,200,176,83
991,-2,992,281,634
648,724,346,101,-1
166,367,265,889,798
495,337,487,-65,760
635,743,-12,664,565
840,543,889,47,25
711,893,965,317,-18
351,831,892,643,387
947,279,32,235,375
254,742,705,785,467
-3,815,844,918,546
246,798,509,348,659
618,488,124,15,163
617,64,537,219,937
152,577,682,423,131
777,10,910,201,544
157,-64,101,9,102
140,329,249,27,704
791,127,765,606,495
414,-22,100,758,325
753,843,759,348,-12
437,178,626,615,75
822,372,-1,169,500
-59,876,360,429,166
223,962,289,754,556
990,-77,209,812,332
656,925,487,609,138
279,262,960,533,253
961,175,415,582,7
709,808,388,270,627
-34,117,769,810,461
750,59,923,431,270
387,134,883,234,-17
985,457,3,115,986
-81,683,124,-70,526
101,319,444,419,248
460,924,624,137,674
930,813,121,69,810
262,-86,251,174,83
805,991,869,334,863
642,922,172,323,180
66,753,435,856,371
988,52,103,662,788
568,137,894,184,718
-84,976,509,461,612
917,310,983,643,194
3,480,180,233,699
931,813,630,21,416
779,610,256,909,827
681,554,-82,498,437
825,801,989,97,229
-22,539,190,-67,819
645,168,293,531,887
516,721,410,283,-30
364,389,571,298,147
906,274,974,-55,906
227,562,-99,784,929
934,359,241,813,751
722,641,740,870,846
222,397,896,454,645
397,90,826,151,822
223,811,352,10,19
669,732,40,48,447
513,801,245,413,90
685,516,955,969,116
729,918,339,-86,622
356,102,396,431,-99
752,578,353,170,386
997,332,71,323,-77
440,833,-42,930,229
775,993,510,813,-24
168,659,-80,409,267
513,555,66,454,436
-35,349,742,590,630
887,244,953,-45,531
703,812,764,169,576
168,339,465,246,60
770,176,713,500,900
101,-30,451,581,839
274,158,258,522,943
126,654,-25,639,710
871,944,262,680,-33
869,694,611,341,865
717,243,813,460,147
929,82,115,51,250
113,56,68,302,699
575,337,947,35,577
509,984,585,698,510
368,569,466,315,916
639,427,698,454,491
719,-8,781,730,115
-11,713,248,188,338
55,257,646,496,-66
227,820,652,-51,231
161,328,579,149,873
428,73,684,706,752
790,-97,556,69,196
945,212,224,-33,638
295,411,676,400,257
736,588,365,889,858
930,83,759,353,251
119,432,908,490,704
593,-16,510,-17,85
929,690,730,856,-79
799,413,578,175,718
327,806,223,-97,768
604,613,831,706,903
576,214,144,877,-41
603,430,107,174,983
87,642,721,259,937
432,531,-79,284,312
308,915,338,578,-73
149,864,74,288,-48
409,555,706,338,-40
284,226,513,578,524
791,581,238,-5,497
872,440,564,344,384
417,867,448,894,684
282,274,568,257,699
406,679,338,1,321
125,931,425,315,357
696,364,371,207,-90
378,303,84,263,316
275,676,834,113,11
-94,906,-11,257,61
26,593,-12,763,798
722,789,278,887,861
426,29,-50,-63,516
973,-57,999,971,966
230,770,753,589,888
933,951,185,254,920
-27,417,638,88,937
611,944,-87,664,19
726,233,60,149,217
262,211,924,523,370
715,897,183,806,84
500,750,624,-30,937
42,563,23,846,95
577,492,998,290,488
485,472,571,20,871
823,482,730,915,745
121,18,766,972,59
546,179,233,951,672
325,582,788,31,357
131,175,398,698,624
636,266,411,88,33
323,456,239,201,688
-10,823,153,294,452
742,958,882,363,745
40,752,675,135,313
281,596,-51,132,676
733,-67,177,802,777
52,26,726,-47,215
741,101,727,116,5
377,272,-54,417,23
942,235,282,298,287
938,336,935,307,690
131,391,837,476,207
25,420,378,341,221
347,-47,343,13,645
-92,99,594,747,488
250,391,774,411,-97
468,-45,-95,144,282
939,698,212,194,682
395,215,999,548,294
939,734,-17,950,-6
503,-14,857,608,950
434,163,680,559,613
793,90,424,475,857
446,680,401,358,586
899,667,773,663,32
509,379,345,115,367
490,-25,35,749,419
724,522,662,-57,546
22,812,989,994,229
981,723,963,547,88
829,315,227,282,981
458,101,621,382,191
718,57,555,519,96
658,654,252,-74,100
683,959,509,547,75
586,538,422,754,410
892,359,850,84,977
-51,-31,213,-39,5
805,926,792,-17,491
413,408,3,488,43
843,642,807,695,292
419,528,169,880,-66
494,933,76,30,372
698,170,417,498,161
839,189,395,142,526
339,843,989,848,648
909,792,5,405,117
824,46,465,841,790
150,246,488,898,545
949,-33,44,658,-41
108,179,848,447,384
313,921,140,727,814
232,514,362,312,-83
401,442,136,496,598
791,935,824,-27,975
484,588,603,417,745
106,485,469,691,764
78,47,214,900,893
645,611,23,684,695
-40,146,61,883,112
155,805,181,707,588
151,482,215,359,643
729,145,954,715,150
935,804,20,285,166
202,299,222,773,-45
-13,33,814,27,519
431,226,711,665,343
718,559,261,373,81
114,121,515,458,823
570,441,-69,935,398
191,-44,597,801,858
432,979,969,-21,397
151,24,510,758,753
229,741,320,833,221
727,504,-4,294,637
68,538,292,306,581
432,41,945,314,575
-11,716,-94,231,653
697,67,-2,977,245
977,864,375,-37,784
929,671,598,365,534
510,241,439,490,573
984,941,114,945,538
867,155,964,13,933
574,630,-61,347,882
953,800,189,639,82
49,33,177,406,818
-46,614,-32,314,-17
-97,731,957,546,230
618,27,384,642,851
731,830,715,223,-70
271,974,919,418,-17
143,142,-66,628,669
471,-30,392,8,870
812,657,451,600,815
409,91,358,439,907
626,848,859,-26,413
933,397,60,578,438
353,324,937,993,676
669,35,594,558,749
-78,280,11,494,522
257,717,450,-25,-20
259,477,570,261,617
603,272,747,-14,598
802,-16,-19,619,131
122,396,470,60,882
443,315,688,361,-76
765,794,445,951,366
429,985,600,502,770
595,680,41,165,241
172,793,443,824,297
180,591,311,145,920
267,494,409,726,521
563,499,344,28,653
-37,562,258,-48,757
639,608,33,295,874
78,-77,-16,236,131
235,290,686,618,-18
434,229,110,485,835
263,16,849,712,977
356,575,985,-30,880
447,151,319,936,847
770,372,319,517,709
29,693,144,868,568
316,-72,896,-83,814
377,870,93,346,61
239,717,122,732,-16
585,862,297,254,772
621,-8,500,17,538
865,963,507,943,363
412,494,197,602,937
967,764,658,523,786
778,17,459,841,851
354,337,626,915,787
667,36,116,512,975
804,435,314,998,720
323,881,650,564,-55
-56,-42,387,171,520
500,929,241,-10,-47
849,844,-87,511,-88
600,39,648,425,718
635,451,512,878,846
979,902,247,313,654
54,419,377,701,303
233,560,707,344,377
799,133,751,310,329
866,869,967,-4,153
145,724,296,291,63
654,763,230,377,840
917,155,653,941,-49
170,819,835,552,428
487,248,458,359,541
801,788,108,903,641
164,520,35,348,-88
-30,409,757,935,133
-82,878,248,718,586
134,229,153,747,319
188,402,-88,110,89
-27,60,226,132,131
699,-44,342,804,668
518,-66,-4,689,962
182,127,-4,-60,988
450,214,287,963,264
378,65,139,87,9
547,833,392,2,189
-9,807,242,416,-69
169,947,991,503,802
843,281,749,559,75
789,942,946,360,745
902,782,290,52,347
185,-97,266,426,-20
576,-80,143,677,304
45,144,437,212,809
523,898,363,139,142
316,379,798,995,45
-26,305,382,993,381
906,517,953,363,778
160,352,587,138,-94
195,469,407,168,774
443,345,-33,184,405
543,134,896,328,983
293,799,456,661,844
38,63,908,33,167
473,227,21,834,398
530,66,285,581,51
301,-89,941,526,630
899,832,241,767,958
407,-41,75,888,636
963,58,386,477,463
647,988,123,15,8
903,214,253,738,664
466,314,-85,937,871
498,803,278,474,362
983,131,77,803,-14
505,663,733,512,616
472,420,521,487,26
981,-85,238,858,875
947,842,349,20,855
982,245,62,-13,468
609,182,755,460,456
696,833,160,506,241
709,28,601,897,797
48,27,650,886,803
231,608,568,497,702
30,41,720,365,473
937,480,-82,540,379
43,128,704,152,578
-64,291,953,440,920
929,88,347,340,-36
396,848,875,396,291
693,670,653,544,717
276,315,328,678,134
545,833,404,809,116
459,758,948,191,889
964,540,164,426,504
554,352,812,228,912
277,-34,109,275,202
150,580,861,31,119
52,210,257,437,872
990,-85,31,141,226
526,111,-6,435,-71
669,916,-12,455,260
913,941,586,364,745
795,157,795,855,290
853,468,718,205,833
205,413,516,222,938
701,-24,477,792,251
328,-81,754,238,527
573,751,8,167,-31
-51,697,33,553,382
10,418,948,154,847
493,401,572,720,818
782,745,42,61,-88
888,222,415,30,4
151,448,654,300,86
278,356,247,700,843
870,747,776,185,832
61,89,588,489,672
335,370,248,900,77
502,726,401,149,962
734,-31,316,662,935
964,497,15,300,790
110,483,489,749,305
-15,52,566,387,210
297,820,-54,980,-7
940,729,927,451,124
901,768,730,591,163
38,86,591,565,209
652,354,341,481,679
153,181,95,922,170
651,813,339,488,-86
120,480,706,332,725
197,784,823,202,336
377,727,953,-12,-32
305,257,381,767,-50
773,751,714,219,302
457,276,938,813,559
311,181,552,-59,-24
575,-3,210,631,342
882,47,48,333,855
969,874,705,370,800
868,900,571,654,891
634,107,723,187,278
140,17,761,98,593
113,326,511,299,859
81,165,848,950,680
992,28,779,646,281
984,-26,398,669,-64
949,113,253,215,-17
421,99,368,272,125
103,605,273,31,859
463,213,308,156,552
913,-57,-12,198,836
532,519,342,858,890
547,25,415,406,784
303,265,284,766,435
359,628,275,196,130
-68,930,541,584,11
495,925,276,372,264
300,858,40,445,811
576,180,677,378,133
922,113,291,493,452
-52,893,276,695,349
865,844,208,857,438
122,986,690,995,336
-58,106,393,221,598
738,436,476,497,878
137,844,615,322,480
922,123,446,321,291
504,978,654,533,716
906,238,781,944,89
437,393,366,299,571
915,69,572,247,564
829,697,687,638,987
835,465,601,972,789
301,920,157,533,786
333,121,737,23,232
331,457,-41,351,466
794,500,514,-25,944
876,95,-20,725,950
384,276,600,561,169
440,589,-73,568,267
68,265,965,248,163
-63,522,232,950,600
478,505,42,-86,952
441,455,35,115,184
839,602,630,272,591
803,603,885,520,10
506,-29,643,717,698
172,248,680,730,609
373,697,441,381,253
802,344,921,68,261
-20,656,649,668,608
510,257,-56,317,774
867,182,765,370,102
119,477,793,668,756
844,826,400,894,931
845,589,801,462,837
352,342,27,63,-68
116,50,-8,193,74
613,56,683,781,572
350,394,872,198,710
-84,256,268,912,807
183,803,489,643,516
789,321,757,166,30
945,495,653,278,91
409,800,796,-7,949
81,289,830,360,248
29,115,68,811,78
633,504,276,95,760
538,569,213,787,847
801,587,726,981,70
560,361,213,406,-61
929,455,135,318,18
877,878,23,104,829
928,105,493,593,230
216,704,405,41,87
745,892,957,-24,46
2,355,139,-35,47
798,615,251,716,458
231,862,200,586,921
947,729,357,957,764
368,945,443,789,29
242,382,706,435,-98
473,-61,910,-83,40
958,707,359,177,749
995,455,403,434,721
-99,912,449,938,230
827,794,-47,392,-61
200,-99,141,292,976
808,331,173,635,841
847,801,279,941,181
844,444,697,112,953
570,344,68,264,137
474,72,232,820,-13
195,505,141,997,915
491,394,28,316,789
310,356,591,-42,793
847,190,321,-57,15
400,595,-15,754,524
737,417,-28,657,562
-99,-13,556,19,952
136,552,189,482,827
267,949,597,78,418
977,-58,249,431,151
582,393,-23,231,-73
490,360,948,863,579
955,849,772,320,-51
501,729,735,164,240
250,-59,84,365,-27
290,975,181,491,223
904,483,-92,208,110
244,990,213,330,858
648,667,840,690,705
528,955,379,736,915
225,185,672,918,385
806,501,325,840,368
-82,302,206,709,-58
533,959,689,43,238
986,403,208,889,164
216,234,521,725,475
430,439,72,471,360
800,707,238,453,564
279,795,-84,141,544
778,904,890,837,-37
230,921,-85,892,402
697,497,528,-83,138
74,999,659,617,-42
677,340,898,165,360
402,918,456,486,136
413,776,807,531,-93
-55,874,94,534,260
826,910,138,243,493
713,94,-34,498,596
235,591,973,381,849
372,5,350,525,353
821,847,646,253,372
819,302,23,146,759
149,317,19,731,531
76,206,875,632,362
307,585,-69,106,852
967,645,747,339,481
650,49,187,799,323
821,186,263,713,570
-67,315,612,922,358
489,823,677,807,145
514,398,242,13,630
974,241,180,355,330
-46,329,281,486,296
49,994,848,65,135
453,667,-94,844,797
794,868,727,897,462
229,33,214,289,-41
205,876,841,439,189
290,619,131,760,844
723,207,286,24,-7
640,402,-45,707,876
328,659,952,793,204
-38,262,407,229,95
308,497,54,945,833
529,13,134,280,576
11,286,740,649,980
105,545,750,965,878
717,236,471,526,589
209,681,884,688,423
315,936,-1,260,664
293,892,837,146,115
756,637,996,464,464
933,796,903,400,269
-86,81,2,815,790
944,545,53,743,188
697,545,378,466,943
228,281,396,469,312
172,-46,838,316,-83
624,773,557,884,119
180,458,694,167,783
-53,115,593,846,839
937,813,506,673,754
797,89,704,707,973
412,266,829,425,563
441,-38,209,357,186
834,186,618,-79,308
890,201,797,410,-34
-90,72,962,676,-62
65,259,522,916,613
369,343,425,825,840
548,811,443,631,689
919,876,507,495,86
654,599,461,574,831
315,436,16,735,-73
995,134,181,390,878
690,651,801,598,-93
302,251,289,950,864
312,476,555,503,164
988,259,70,459,553
259,394,46,605,953
703,903,923,955,491
797,104,520,437,763
29,189,870,304,852
748,605,308,203,795
881,-94,239,149,387
99,780,5,656,612
883,444,831,85,182
-25,545,81,808,667
470,83,995,367,668
201,531,92,322,65
791,634,-75,846,405
387,934,5,-47,532
825,193,551,212,726
959,278,799,6,228
646,7,25,57,-65
56,433,740,-35,223
327,450,933,98,280
134,887,673,-64,41
961,66,349,754,66
427,124,858,580,310
11,432,601,270,922
276,231,422,396,600
443,703,530,-64,326
926,713,913,515,791
471,217,821,398,860
604,916,213,72,397
68,591,629,11,595
684,717,987,807,879
227,409,61,86,538
274,677,28,973,225
142,528,194,359,241
837,456,23,422,-68
230,527,441,384,285
593,785,463,797,428
404,654,250,165,601
258,452,845,865,-36
161,875,203,405,369
946,810,873,-4,377
399,639,266,909,446
465,614,674,979,791
-52,412,564,611,951
892,249,828,580,123
306,507,386,306,-92
186,-13,30,638,164
164,24,413,115,141
97,241,143,856,394
850,794,232,830,-86
150,709,136,815,-93
350,580,669,405,895
234,247,113,16,304
927,914,577,930,401
857,393,418,325,866
664,101,-94,860,579
135,-12,891,765,522
524,473,461,391,230
142,927,22,563,926
499,296,340,428,854
365,295,108,99,801
656,580,975,109,631
708,141,419,245,16
186,249,504,666,964
730,877,14,898,204
796,766,258,-43,-71
60,309,983,610,757
957,521,690,-93,847
-73,190,88,514,844
257,493,652,878,989
832,423,868,-52,-29
712,523,992,665,230
280,669,565,929,103
616,531,595,156,185
816,-16,266,-48,641
569,789,568,350,748
592,25,388,368,598
124,414,935,746,240
908,613,316,116,241
591,164,400,583,588
53,889,385,-21,57
692,73,699,278,617
537,735,965,512,791
470,954,742,547,-19
454,99,140,359,754
872,-9,454,824,175
96,524,185,72,898
-91,823,179,513,159
977,365,263,969,994
38,275,-24,420,672
329,114,-26,28,2
646,710,730,825,-56
778,994,187,51,694
183,209,184,499,499
-32,434,458,906,848
210,928,492,408,953
463,692,883,120,384
333,-23,967,-92,310
614,410,340,950,705
488,133,932,306,0
465,343,127,959,241
402,82,670,379,43
-14,226,371,-70,144
167,108,844,440,546
880,878,294,427,37
259,-40,875,549,619
923,977,371,843,472
777,276,417,43,512
601,613,695,-93,712
564,-22,534,95,85
793,31,785,-46,172
658,116,177,636,62
-38,664,196,358,654
174,455,914,203,808
581,666,21,736,683
347,578,325,481,174
596,431,411,-15,453
164,-93,122,385,713
367,587,994,374,123
381,179,414,311,311
757,-66,791,672,173
724,989,437,826,979
746,395,934,829,-93
555,556,568,950,21
-43,178,106,442,188
261,-26,951,579,765
218,82,981,824,29
926,440,384,722,603
133,523,410,370,855
196,500,504,737,227
985,341,740,850,50
121,-59,260,128,376
44,362,412,194,258
209,573,231,445,318
920,473,257,267,796
397,867,87,593,470
649,382,679,548,151
675,965,308,930,924
-3,795,733,670,775
202,533,392,362,-34
303,368,-78,647,418
408,-94,430,40,913
528,-31,135,-83,906
463,822,30,-50,-80
562,819,703,900,-4
473,-34,514,446,877
788,614,20,978,131
921,300,263,554,144
714,912,-39,904,996
920,295,-48,-22,199
157,677,28,849,187
26,925,8,104,432
853,296,-48,603,727
808,268,848,932,882
317,345,703,70,958
971,180,216,661,-55
8,484,242,17,942
-96,562,656,282,475
78,296,99,-79,833
554,689,579,663,860
689,21,241,968,557
943,402,574,572,987
360,337,594,448,18
-33,911,513,893,771
595,247,608,62,797
218,303,667,979,135
941,-71,926,288,40
679,43,941,645,-50
126,758,461,366,854
957,463,-41,68,70
58,745,706,-44,471
637,433,675,746,188
917,424,524,953,72
244,757,895,491,944
439,34,382,686,912
283,578,-81,63,731
574,923,-79,124,884
569,-27,40,859,113
23,777,583,873,813
375,251,56,858,-51
431,771,676,14,839
633,590,-56,95,449
951,256,777,618,-67
209,973,722,556,751
712,235,17,620,414
57,199,288,345,71
665,76,410,990,672
697,199,-22,85,974
154,-29,-69,133,225
582,414,-34,-27,873
252,-20,579,565,-70
754,372,267,339,244
760,663,157,983,958
637,213,544,751,112
-55,360,476,567,132
606,650,228,358,721
-12,618,650,897,517
759,326,878,584,782
540,962,924,308,602
-69,738,302,921,166
-17,865,628,259,-76
798,63,421,121,548
449,-31,213,272,760
620,8,47,418,688
242,803,299,152,-94
419,507,398,779,935
769,703,267,820,495
442,716,144,513,263
640,188,716,94,581
885,819,848,912,614
-87,670,494,-33,769
960,864,534,702,129
-84,512,826,152,252
783,768,114,408,66
372,362,249,554,279
490,837,314,677,880
903,213,496,293,155
439,931,738,154,264
499,985,849,459,747
356,933,399,294,795
73,-66,975,125,628
294,959,343,157,138
413,703,152,57,976
62,746,120,562,-74
925,-78,175,978,-75
767,301,373,682,-34
783,623,971,-55,672
639,31,729,141,696
890,377,780,393,138
-90,293,901,101,785
43,595,742,20,20
871,661,477,478,-37
289,-85,954,333,828
-80,661,887,955,586
-12,299,888,657,136
813,232,161,178,870
756,371,107,218,754
206,-24,60,794,206
763,307,420,400,281
876,391,187,974,605
903,2,481,13,588
618,540,449,711,787
784,889,44,973,359
204,521,-45,973,497
151,528,236,305,251
623,40,601,564,829
187,229,629,943,718
189,747,808,203,949
100,797,594,816,54
894,696,156,522,608
962,269,495,940,113
429,236,779,-36,817
205,14,459,908,959
719,938,240,118,520
875,166,370,651,778
698,839,885,747,735
43,-97,358,685,451
985,259,578,58,691
287,990,982,-60,132
342,745,891,663,901
-27,868,972,797,310
404,513,687,440,474
-58,524,356,158,265
999,991,940,228,363
818,70,692,314,346
392,859,641,927,572
506,275,717,987,688
15,606,807,652,83
133,682,489,982,560
736,793,11,316,884
790,952,667,940,-76
520,51,-52,247,577
126,141,873,526,532
145,201,669,822,855
882,160,763,285,782
967,936,578,371,516
233,498,576,650,-11
982,206,344,772,985
1,99,52,619,228
398,903,706,679,932
673,891,569,-59,895
430,675,39,370,494
276,540,600,645,541
125,437,723,737,359
49,298,230,139,557
863,360,331,311,610
114,-26,317,367,640
609,675,-85,839,469
662,-63,373,525,474
477,578,204,929,121
466,286,813,134,474
529,956,325,62,704
663,790,408,51,20
123,321,-26,338,40
992,890,510,-88,490
114,359,979,734,302
477,378,813,942,97
752,-49,488,292,710
973,719,-88,825,863
199,937,807,779,662
178,739,33,492,730
-62,-54,339,104,387
832,972,383,197,516
605,518,436,69,638
649,131,-68,541,182
461,237,106,344,731
658,578,15,111,488
442,-90,91,123,111
-26,196,457,701,810
129,435,219,407,532
801,579,800,345,45
689,37,747,250,196
208,27,839,926,78
287,191,401,60,296
244,788,-4,-65,361
503,326,341,957,466
-1,341,709,963,217
802,85,530,660,911
483,-50,958,652,717
232,559,-13,241,501
705,206,254,117,178
427,804,575,53,886
409,1,661,-44,391
956,702,713,467,591
297,944,44,524,208
347,376,-46,63,240
139,691,800,70,364
917,160,255,985,662
357,835,495,523,653
93,-60,881,47,657
766,649,543,382,737
759,813,-73,543,311
822,667,525,883,512
69,-82,484,124,812
339,191,948,483,103
796,309,859,-1,45
886,461,-99,981,923
45,69,645,974,154
165,599,280,279,3
222,567,636,652,339
618,825,-11,159,-73
73,365,868,100,858
165,549,51,506,811
927,832,901,26,832
142,987,336,643,452
195,646,180,13,37
829,727,73,411,520
58,641,81,831,166
146,501,408,928,236
655,308,93,749,711
202,399,612,957,516
442,256,675,351,739
141,244,425,735,122
520,289,929,825,152
60,872,-65,206,497
729,671,659,620,190
-7,-93,-76,896,438
864,376,-36,502,626
-8,-85,330,628,381
906,23,455,260,828
622,-40,589,997,688
442,448,964,786,75
758,433,816,949,474
596,-68,163,928,450
202,658,544,-12,76
330,283,616,464,738
896,675,163,352,-19
264,683,251,360,62
139,855,631,288,167
270,489,90,808,140
235,561,554,664,300
799,69,385,582,466
510,686,464,349,638
97,-75,178,559,177
236,697,78,913,472
286,376,541,20,877
134,866,861,607,155
633,241,448,987,54
101,-66,490,796,394
-76,700,517,405,77
300,564,424,743,639
265,431,985,431,122
35,864,742,273,64
475,319,221,814,716
11,688,165,383,613
-95,11,69,567,325
995,158,550,335,904
506,635,485,877,381
943,706,-54,129,747
896,562,108,366,152
453,823,630,170,685
522,303,747,26,819
491,-63,415,192,-2
779,139,-14,827,242
696,223,357,720,65
396,864,315,430,721
261,933,766,284,895
442,681,-75,360,83
89,383,991,180,131
674,570,176,107,827
116,-83,964,751,651
586,986,867,431,666
958,659,263,46,515
701,900,866,661,385
80,461,919,733,139
57,589,826,546,771
364,410,248,679,901
166,985,875,849,342
916,196,625,790,-1
950,213,722,257,143
520,507,609,59,225
738,171,650,19,48
671,269,292,691,440
649,952,964,453,590
973,914,552,-79,931
587,205,335,922,573
442,112,411,606,118
740,426,920,582,105
274,868,636,144,250
229,90,701,826,567
213,948,958,-18,-17
325,843,957,231,307
243,529,535,182,239
76,156,512,292,748
-18,132,847,206,471
-15,36,298,588,-7
475,-64,149,914,64
-59,169,490,536,204
335,167,600,986,552
384,9,-48,773,533
826,400,702,162,-71
-38,-85,133,730,502
39,908,32,648,775
377,722,902,180,362
273,905,511,212,360
552,124,537,208,-39
921,962,791,541,400
35,69,66,483,788
748,924,624,-7,330
68,473,72,713,703
456,599,95,936,754
792,997,356,751,42
969,456,659,288,437
777,465,522,512,427
290,10,406,455,768
765,450,659,-70,453
515,376,294,573,821
-16,835,83,467,533
872,518,858,363,882
945,923,566,-43,558
874,617,547,517,883
406,99,920,425,54
238,366,739,183,234
521,317,541,394,730
942,570,361,678,893
250,269,110,991,408
87,751,157,489,16
450,334,477,193,733
490,-13,323,160,422
-48,-78,145,98,501
326,-51,904,532,337
414,419,95,658,200
564,418,423,63,587
774,525,743,532,520
821,989,392,216,697
872,851,165,689,961
984,399,370,833,777
-59,640,781,674,817
772,709,820,325,491
880,138,717,508,397
952,942,782,747,738
713,266,945,337,214
508,578,431,258,643
476,415,-59,570,26
18,608,821,861,555
-77,163,398,654,156
226,638,244,507,134
-83,921,15,-37,-63
248,470,652,358,-15
594,706,679,-24,771
230,886,175,38,57
-23,925,42,255,175
170,645,402,651,754
927,372,541,-55,419
351,636,390,656,772
453,985,451,120,607
446,719,345,175,180
556,399,212,861,364
479,828,923,495,294
283,-70,129,-7,34
163,276,523,247,623
146,523,-19,670,329
540,182,653,538,944
714,77,337,470,731
357,-48,845,197,627
856,559,885,689,-36
36,390,-38,500,392
441,161,783,336,29
775,638,71,544,575
197,175,704,352,924
837,910,109,-44,748
635,419,55,773,200
498,175,285,31,728
745,857,84,814,400
969,118,827,328,-19
905,351,191,394,724
894,99,376,249,385
483,480,346,146,772
135,201,968,99,256
295,451,473,-80,-48
291,461,243,782,41
387,613,962,898,191
166,734,-20,759,824
703,205,357,627,-19
-84,988,909,748,694
790,159,246,806,997
873,113,66,219,96
281,449,360,464,490
923,186,792,976,362
51,721,-65,301,812
436,532,305,111,572
755,243,592,748,231
666,245,474,212,77
87,474,580,155,90
412,753,204,371,146
-50,620,742,173,977
697,651,733,995,783
48,648,364,212,-55
302,620,314,365,414
235,-44,11,529,650
552,489,642,563,200
136,-33,472,460,910
223,-38,309,875,645
83,912,375,365,970
324,326,403,260,-55
138,660,910,-88,586
480,936,25,863,410
389,122,246,237,117
903,454,625,862,166
93,100,552,742,674
612,339,374,61,79
948,-84,922,976,631
625,262,619,681,685
80,30,614,60,-68
954,514,42,963,386
164,348,660,587,170
778,224,950,650,87
500,483,7,199,951
507,378,162,238,-68
807,800,-77,735,845
352,365,898,513,949
83,-23,862,535,258
495,594,26,24,700
899,353,47,581,558
813,594,388,186,852
-24,992,622,999,68
383,368,411,397,730
61,-85,-38,355,569
704,237,600,942,967
299,53,265,290,261
-22,536,358,498,657
431,-82,218,204,726
846,374,952,634,568
40,483,200,523,322
488,842,336,431,412
-48,60,258,741,660
53,532,823,730,89
630,317,758,840,987
669,961,-54,896,145
119,757,161,645,564
-87,533,143,860,63
-67,714,329,879,-49
645,195,292,141,-37
199,517,738,424,143
833,57,-77,979,793
124,-17,958,521,525
14,-58,665,13,615
353,-11,172,877,570
133,554,712,789,832
131,199,893,397,833
416,122,-25,-22,970
860,638,309,596,259
773,43,690,287,578
145,800,321,328,344
494,383,954,576,366
686,766,254,990,-61
655,334,602,615,839
816,672,35,693,126
67,844,46,940,809
51,292,620,-48,624
279,957,25,-30,722
311,201,753,496,739
180,893,8,793,284
341,612,686,482,996
442,117,-56,409,521
898,572,145,990,60
439,220,640,-55,406
817,983,-14,-37,570
855,760,68,39,295
550,611,302,866,375
398,938,509,13,699
588,250,582,255,491
-7,583,469,806,154
513,866,812,557,560
396,614,846,820,1
910,794,827,838,235
489,448,803,38,252
439,261,595,-62,46
706,575,105,965,893
554,432,-31,829,367
583,100,584,90,781
540,673,929,411,879
33,387,701,102,413
339,647,194,854,493
-55,136,792,114,650
807,796,-33,448,-9
725,516,757,415,545
618,476,309,873,19
279,471,916,98,123
139,246,854,832,456
505,-60,323,-89,873
406,-32,-69,668,-39
889,596,820,352,71
667,698,967,755,-10
438,-82,436,223,876
666,828,710,926,390
549,816,601,752,573
796,96,-16,683,-22
850,320,568,639,201
164,524,735,362,270
574,732,87,398,779
993,956,21,305,271
890,347,17,541,379
640,876,890,309,-35
54,935,788,112,695
343,521,580,432,7
99,5,280,269,658
793,412,793,876,499
397,-47,945,393,425
915,-47,858,692,430
726,807,-90,-52,748
488,632,414,936,955
-31,732,685,316,128
757,830,664,346,247
851,164,348,774,477
531,944,782,850,226
196,896,-49,298,207
936,370,791,920,711
-88,104,331,200,218
-60,-97,483,421,319
677,139,89,-21,917
421,680,834,313,209
594,312,736,942,-3
564,632,845,145,-61
362,834,801,632,19
376,843,851,845,454
250,792,-16,480,790
11,193,554,760,649
56,554,575,627,866
862,228,714,76,123
14,574,732,198,-77
-51,246,-74,685,-71
117,676,79,-60,698
-85,976,195,3,955
719,752,343,381,658
61,296,361,898,-1
821,355,164,971,875
782,977,605,826,54
475,375,345,501,-41
951,789,-51,707,696
397,383,326,688,909
660,169,580,731,72
589,350,555,722,448
7,-47,557,205,746
418,878,252,480,532
280,971,376,219,82
384,0,460,3,-52
146,671,411,241,414
895,663,76,773,512
35,456,436,816,79
33,196,806,551,876
653,-14,-66,390,243
779,414,742,127,269
416,593,675,226,143
944,17,324,129,613
475,-37,73,235,739
87,866,474,70,189
130,350,21,153,453
325,648,611,-60,22
429,515,467,567,895
95,560,567,693,821
-5,-66,799,196,654
441,855,208,920,552
651,669,632,357,861
237,723,533,420,209
556,476,830,870,77
755,-1,253,408,451
663,526,159,387,406
603,405,261,48,327
776,264,951,578,568
283,204,916,-42,864
582,348,111,697,864
-29,739,267,27,417
388,694,965,474,888
924,298,507,510,673
111,469,516,480,535
400,403,308,64,683
515,891,157,47,-26
615,964,590,855,612
-34,700,51,79,709
35,771,563,982,232
268,913,932,617,196
479,-17,256,442,62
413,260,634,923,-28
72,24,386,302,-97
254,385,668,332,661
534,88,734,82,477
524,377,660,812,391
114,97,512,464,498
814,221,544,-25,657
633,696,-63,151,216
263,240,691,778,659
590,926,871,864,458
540,564,-10,83,320
415,349,-84,598,890
822,919,962,113,58
834,490,987,560,-88
777,314,298,134,446
835,-6,320,-19,11
685,658,843,477,321
812,369,34,427,54
279,55,126,888,779
-35,-72,-24,141,163
912,610,-16,367,197
282,63,59,680,-12
748,123,645,972,-20
